InnerSanctum
1.0 0.0 0.0 20.0
0.0 1.0 0.0 2.68221e-007
0.0 0.0 1.0 20.0
-7.0 0.0 -7.0
7.0 8.13967 7.0
0
1
WallMaterial
OuterHall
1.0 0.0 0.0 33.0
0.0 1.0 0.0 2.68221e-007
0.0 0.0 1.0 7.0
2.38419e-007 -2.62268e-007 -1.43051e-006
7.0 6.0 26.0
0
1
WallMaterial
__PointLight__
1.0 0.0 0.0 15.5
0.0 0.0 1.0 19.2748
0.0 -1.0 0.0 24.5
1.0 0.611765 0.0
1.0
1
1.5
3.0
OuterHallCorner
0.0 0.0 -1.0 33.0
0.0 1.0 0.0 2.68221e-007
1.0 0.0 0.0 33.0
-1.58546e-006 0.0 4.76837e-007
7.0 5.0 7.0
0
1
WallMaterial
__PointLight__
0.707107 -0.707107 0.0 20.0
0.0 0.0 1.0 19.2748
-0.707107 -0.707107 0.0 24.5
1.0 0.611765 0.0
1.0
1
1.5
3.0
OuterHall
0.0 0.0 -1.0 33.0
0.0 1.0 0.0 2.68221e-007
1.0 0.0 0.0 33.0
-26.0 -2.62268e-007 2.62268e-007
1.51399e-006 6.0 7.0
0
1
WallMaterial
OuterHall
-1.0 0.0 1.50996e-007 7.0
0.0 1.0 0.0 2.68221e-007
-1.50996e-007 0.0 -1.0 33.0
-7.0 -2.62268e-007 -26.0
3.44905e-006 6.0 1.43051e-006
0
1
WallMaterial
__PointLight__
0.707107 -0.707107 0.0 15.5
0.0 0.0 1.0 19.2748
-0.707107 -0.707107 0.0 20.0
1.0 0.611765 0.0
1.0
1
1.5
3.0
OuterHallCorner
-1.0 0.0 0.0 7.0
0.0 1.0 0.0 2.68221e-007
0.0 0.0 -1.0 33.0
-7.0 0.0 -1.50198e-006
-4.76837e-007 5.0 7.0
0
1
WallMaterial
SideRoom
1.0 0.0 0.0 29.5
0.0 1.0 0.0 2.68221e-007
0.0 0.0 1.0 10.5
-4.0 0.0 -3.0
3.0 3.5 4.0
0
1
WallMaterial
ShaftCover
1.0 0.0 0.0 29.5
0.0 1.0 0.0 2.68221e-007
0.0 0.0 1.0 10.5
-4.0 0.0 -1.0
1.0 0.301307 4.0
0
1
WallMaterial
Shaft
1.0 0.0 0.0 29.5
0.0 1.0 0.0 13.5
0.0 0.0 1.0 10.5
-4.0 -10.0 -0.500001
0.5 0.0 4.0
0
1
WallMaterial
SideRoom
0.0 0.0 -1.0 29.5
0.0 1.0 0.0 2.68221e-007
1.0 0.0 0.0 29.5
-4.0 0.0 -4.0
3.0 3.5 3.0
0
1
WallMaterial
ShaftCover
0.0 0.0 -1.0 29.5
0.0 1.0 0.0 2.68221e-007
1.0 0.0 0.0 29.5
-4.0 0.0 -4.0
1.0 0.301307 1.0
0
1
WallMaterial
Shaft
0.0 0.0 -1.0 29.5
0.0 1.0 0.0 13.5
1.0 0.0 0.0 29.5
-4.0 -10.0 -4.0
0.500002 0.0 0.5
0
1
WallMaterial
SideRoom
-1.0 0.0 0.0 10.5
0.0 1.0 0.0 2.68221e-007
0.0 0.0 -1.0 29.5
-3.0 0.0 -4.0
4.0 3.5 3.0
0
1
WallMaterial
ShaftCover
-1.0 0.0 0.0 10.5
0.0 1.0 0.0 2.68221e-007
0.0 0.0 -1.0 29.5
-1.0 0.0 -4.0
4.0 0.301307 1.0
0
1
WallMaterial
Shaft
-1.0 0.0 0.0 10.5
0.0 1.0 0.0 13.5
0.0 0.0 -1.0 29.5
-0.5 -10.0 -4.0
4.0 0.0 0.500002
0
1
WallMaterial
SideRoom
0.0 0.0 1.0 10.5
0.0 1.0 0.0 2.68221e-007
-1.0 0.0 0.0 10.5
-3.0 0.0 -3.0
4.0 3.5 4.0
0
1
WallMaterial
ShaftCover
0.0 0.0 1.0 10.5
0.0 1.0 0.0 2.68221e-007
-1.0 0.0 0.0 10.5
-1.0 0.0 -1.0
4.0 0.301307 4.0
0
1
WallMaterial
Shaft
0.0 0.0 1.0 10.5
0.0 1.0 0.0 13.5
-1.0 0.0 0.0 10.5
-0.500001 -10.0 -0.5
4.0 0.0 4.0
0
1
WallMaterial
DoorBorderOuter
1.0 0.0 0.0 20.0
0.0 1.0 0.0 2.68221e-007
0.0 0.0 1.0 27.0
-2.75 -2.68221e-007 -0.529785
2.75 3.75 0.0
0
1
WallMaterial
DoorBorderOuter
1.0 0.0 0.0 20.0
0.0 1.0 0.0 2.68221e-007
0.0 0.0 1.0 7.0
-2.75 -2.68221e-007 -0.529785
2.75 3.75 0.0
0
1
WallMaterial
DoorBorderOuter
1.0 0.0 0.0 29.0
0.0 1.0 0.0 2.68221e-007
0.0 0.0 1.0 7.0
-2.75 -2.68221e-007 -0.529785
2.75 3.75 0.0
0
1
WallMaterial
DoorBorderOuter
1.0 0.0 0.0 11.0
0.0 1.0 0.0 2.68221e-007
0.0 0.0 1.0 7.0
-2.75 -2.68221e-007 -0.529785
2.75 3.75 0.0
0
1
WallMaterial
DoorBorderOuter
0.0 0.0 -1.0 33.0
0.0 1.0 0.0 2.68221e-007
1.0 0.0 0.0 11.0
-1.20206e-007 -2.68221e-007 -2.75
0.529785 3.75 2.75
0
1
WallMaterial
DoorBorderOuter
0.0 0.0 -1.0 33.0
0.0 1.0 0.0 2.68221e-007
1.0 0.0 0.0 20.0
-1.20206e-007 -2.68221e-007 -2.75
0.529785 3.75 2.75
0
1
WallMaterial
DoorBorderOuter
0.0 0.0 -1.0 33.0
0.0 1.0 0.0 2.68221e-007
1.0 0.0 0.0 29.0
-1.20206e-007 -2.68221e-007 -2.75
0.529785 3.75 2.75
0
1
WallMaterial
DoorBorderOuter
-1.0 0.0 0.0 29.0
0.0 1.0 0.0 2.68221e-007
0.0 0.0 -1.0 33.0
-2.75 -2.68221e-007 -2.40413e-007
2.75 3.75 0.529785
0
1
WallMaterial
DoorBorderOuter
-1.0 0.0 0.0 20.0
0.0 1.0 0.0 2.68221e-007
0.0 0.0 -1.0 33.0
-2.75 -2.68221e-007 -2.40413e-007
2.75 3.75 0.529785
0
1
WallMaterial
DoorBorderOuter
-1.0 0.0 0.0 11.0
0.0 1.0 0.0 2.68221e-007
0.0 0.0 -1.0 33.0
-2.75 -2.68221e-007 -2.40413e-007
2.75 3.75 0.529785
0
1
WallMaterial
DoorBorderOuter
0.0 0.0 1.0 7.0
0.0 1.0 0.0 2.68221e-007
-1.0 0.0 0.0 29.0
-0.529785 -2.68221e-007 -2.75
0.0 3.75 2.75
0
1
WallMaterial
DoorBorderOuter
0.0 0.0 1.0 7.0
0.0 1.0 0.0 2.68221e-007
-1.0 0.0 0.0 20.0
-0.529785 -2.68221e-007 -2.75
0.0 3.75 2.75
0
1
WallMaterial
DoorBorderOuter
0.0 0.0 1.0 7.0
0.0 1.0 0.0 2.68221e-007
-1.0 0.0 0.0 11.0
-0.529785 -2.68221e-007 -2.75
0.0 3.75 2.75
0
1
WallMaterial
DoorBorderOuter
0.0 0.0 1.0 27.0
0.0 1.0 0.0 2.68221e-007
-1.0 0.0 0.0 20.0
-0.529785 -2.68221e-007 -2.75
1.20206e-007 3.75 2.75
0
1
WallMaterial
DoorBorderOuter
-1.0 0.0 0.0 20.0
0.0 1.0 0.0 2.68221e-007
0.0 0.0 -1.0 13.0
-2.75 -2.68221e-007 -2.40413e-007
2.75 3.75 0.529785
0
1
WallMaterial
DoorBorderOuter
0.0 0.0 -1.0 13.0
0.0 1.0 0.0 2.68221e-007
1.0 0.0 0.0 20.0
0.0 -2.68221e-007 -2.75
0.529785 3.75 2.75
0
1
WallMaterial
DoorBorderOuter
0.0 0.0 1.0 32.5
0.0 1.0 0.0 2.68221e-007
-1.0 0.0 0.0 11.0
-0.529785 -2.68221e-007 -2.75
0.0 3.75 2.75
0
1
WallMaterial
DoorBorderOuter
0.0 0.0 1.0 32.5
0.0 1.0 0.0 2.68221e-007
-1.0 0.0 0.0 29.0
-0.529785 -2.68221e-007 -2.75
0.0 3.75 2.75
0
1
WallMaterial
DoorBorderOuter
1.0 0.0 -1.74846e-007 11.0
0.0 1.0 0.0 2.68221e-007
1.74846e-007 0.0 1.0 32.5
-2.75 -2.68221e-007 -0.529786
2.75 3.75 4.80825e-007
0
1
WallMaterial
DoorBorderOuter
1.0 0.0 -1.74846e-007 29.0
0.0 1.0 0.0 2.68221e-007
1.74846e-007 0.0 1.0 32.5
-2.75 -2.68221e-007 -0.529786
2.75 3.75 4.80825e-007
0
1
WallMaterial
DoorBorderOuter
-3.37766e-007 0.0 -1.0 7.5
0.0 1.0 0.0 2.68221e-007
1.0 0.0 -3.37766e-007 11.0
-9.28857e-007 -2.68221e-007 -2.75
0.529786 3.75 2.75
0
1
WallMaterial
DoorBorderOuter
-3.37766e-007 0.0 -1.0 7.5
0.0 1.0 0.0 2.68221e-007
1.0 0.0 -3.37766e-007 29.0
-9.28857e-007 -2.68221e-007 -2.75
0.529786 3.75 2.75
0
1
WallMaterial
DoorBorderInner
1.0 0.0 0.0 20.0
0.0 1.0 0.0 2.68221e-007
0.0 0.0 1.0 33.0
-2.75 -2.68221e-007 -0.529785
2.75 3.75 0.0
0
1
WallMaterial
DoorBorderInner
1.0 0.0 0.0 20.0
0.0 1.0 0.0 2.68221e-007
0.0 0.0 1.0 13.0
-2.75 -2.68221e-007 -0.529785
2.75 3.75 0.0
0
1
WallMaterial
DoorBorderInner
0.0 0.0 -1.0 27.0
0.0 1.0 0.0 2.68221e-007
1.0 0.0 0.0 20.0
-1.95704e-007 -2.68221e-007 -2.75
0.529785 3.75 2.75
0
1
WallMaterial
DoorBorderInner
0.0 0.0 -1.0 7.0
0.0 1.0 0.0 2.68221e-007
1.0 0.0 0.0 20.0
-1.95704e-007 -2.68221e-007 -2.75
0.529785 3.75 2.75
0
1
WallMaterial
DoorBorderInner
1.94707e-007 0.0 1.0 33.0
0.0 1.0 0.0 2.68221e-007
-1.0 0.0 1.94707e-007 20.0
-0.529786 -2.68221e-007 -2.75
6.10943e-007 3.75 2.75
0
1
WallMaterial
DoorBorderInner
1.94707e-007 0.0 1.0 13.0
0.0 1.0 0.0 2.68221e-007
-1.0 0.0 1.94707e-007 20.0
-0.529786 -2.68221e-007 -2.75
6.10943e-007 3.75 2.75
0
1
WallMaterial
DoorBorderInner
-1.0 0.0 1.50996e-007 20.0
0.0 1.0 0.0 2.68221e-007
-1.50996e-007 0.0 -1.0 27.0
-2.75 -2.68221e-007 -4.90736e-007
2.75 3.75 0.529786
0
1
WallMaterial
DoorBorderInner
-1.0 0.0 1.50996e-007 20.0
0.0 1.0 0.0 2.68221e-007
-1.50996e-007 0.0 -1.0 7.0
-2.75 -2.68221e-007 -4.90736e-007
2.75 3.75 0.529786
0
1
WallMaterial
DoorBorderArch
1.0 0.0 0.0 11.0
0.0 1.0 0.0 2.68221e-007
0.0 0.0 1.0 7.5
-2.0 -2.38419e-007 -0.529785
2.0 3.0 0.0
0
1
WallMaterial
DoorBorderOuter
-1.0 0.0 0.0 29.0
0.0 1.0 0.0 2.68221e-007
0.0 0.0 -1.0 7.5
-2.75 -2.68221e-007 -2.40413e-007
2.75 3.75 0.529785
0
1
WallMaterial
DoorBorderOuter
-1.0 0.0 0.0 11.0
0.0 1.0 0.0 2.68221e-007
0.0 0.0 -1.0 7.5
-2.75 -2.68221e-007 -2.40413e-007
2.75 3.75 0.529785
0
1
WallMaterial
DoorBorderArch
1.0 0.0 0.0 29.0
0.0 1.0 0.0 2.68221e-007
0.0 0.0 1.0 7.5
-2.0 -2.38419e-007 -0.529785
2.0 3.0 0.0
0
1
WallMaterial
DoorBorderArch
-1.0 0.0 -1.50996e-007 11.0
0.0 1.0 0.0 2.68221e-007
1.50996e-007 0.0 -1.0 32.5
-2.0 -2.38419e-007 -2.72189e-007
2.0 3.0 0.529786
0
1
WallMaterial
DoorBorderArch
-1.0 0.0 -1.50996e-007 29.0
0.0 1.0 0.0 2.68221e-007
1.50996e-007 0.0 -1.0 32.5
-2.0 -2.38419e-007 -2.72189e-007
2.0 3.0 0.529786
0
1
WallMaterial
DoorBorderArch
0.0 0.0 1.0 33.0
0.0 1.0 0.0 2.68221e-007
-1.0 0.0 0.0 11.0
-0.529785 -2.38419e-007 -2.0
0.0 3.0 2.0
0
1
WallMaterial
DoorBorderArch
0.0 0.0 1.0 33.0
0.0 1.0 0.0 2.68221e-007
-1.0 0.0 0.0 29.0
-0.529785 -2.38419e-007 -2.0
0.0 3.0 2.0
0
1
WallMaterial
DoorBorderArch
1.39071e-007 0.0 -1.0 7.0
0.0 1.0 0.0 2.68221e-007
1.0 0.0 1.39071e-007 29.0
-2.4834e-007 -2.38419e-007 -2.0
0.529786 3.0 2.0
0
1
WallMaterial
DoorBorderArch
1.39071e-007 0.0 -1.0 6.99999
0.0 1.0 0.0 2.68221e-007
1.0 0.0 1.39071e-007 11.0
-2.4834e-007 -2.38419e-007 -2.0
0.529786 3.0 2.0
0
1
WallMaterial
DoorBorderOuter
0.707107 0.0 0.707107 37.25
0.0 1.0 0.0 2.68221e-007
-0.707107 0.0 0.707107 37.25
-2.12132 -2.68221e-007 -2.12132
1.94454 3.75 1.94454
0
1
WallMaterial
DoorBorderOuter
-0.707107 0.0 0.707107 37.25
0.0 1.0 0.0 2.68221e-007
-0.707107 0.0 -0.707107 2.75
-2.12132 -2.68221e-007 -1.94454
1.94454 3.75 2.12132
0
1
WallMaterial
DoorBorderOuter
-0.707107 0.0 -0.707107 2.75
0.0 1.0 0.0 2.68221e-007
0.707107 0.0 -0.707107 2.75
-1.94454 -2.68221e-007 -1.94454
2.12132 3.75 2.12132
0
1
WallMaterial
DoorBorderOuter
0.707107 0.0 -0.707107 2.75
0.0 1.0 0.0 2.68221e-007
0.707107 0.0 0.707107 37.25
-1.94454 -2.68221e-007 -2.12132
2.12132 3.75 1.94454
0
1
WallMaterial
LargeSupport
0.707107 0.0 0.707107 14.75
0.0 1.0 0.0 2.68221e-007
-0.707107 0.0 0.707107 14.75
-0.618718 0.0 -0.618718
2.91682 8.25 2.91682
0
1
WallMaterial
LargeSupport
-0.707107 0.0 0.707107 14.75
0.0 1.0 0.0 2.68221e-007
-0.707107 0.0 -0.707107 25.25
-0.618718 0.0 -2.91682
2.91682 8.25 0.618718
0
1
WallMaterial
LargeSupport
-0.707107 0.0 -0.707107 25.25
0.0 1.0 0.0 2.68221e-007
0.707107 0.0 -0.707107 25.25
-2.91682 0.0 -2.91682
0.618718 8.25 0.618718
0
1
WallMaterial
LargeSupport
0.707107 0.0 -0.707107 25.25
0.0 1.0 0.0 2.68221e-007
0.707107 0.0 0.707107 14.75
-2.91681 0.0 -0.618718
0.618718 8.25 2.91682
0
1
WallMaterial
Hall
1.0 0.0 -1.74846e-007 20.0
0.0 1.0 0.0 2.68221e-007
1.74846e-007 0.0 1.0 10.0
-2.5 0.0 -3.0
2.5 3.5 3.0
0
1
WallMaterial
Hall
-1.0 0.0 0.0 20.0
0.0 1.0 0.0 2.68221e-007
0.0 0.0 -1.0 30.0
-2.5 0.0 -3.0
2.5 3.5 3.0
0
1
WallMaterial
Hall
1.39071e-007 0.0 -1.0 30.0
0.0 1.0 0.0 2.68221e-007
1.0 0.0 1.39071e-007 20.0
-3.0 0.0 -2.5
3.0 3.5 2.5
0
1
WallMaterial
Hall
-2.90067e-007 0.0 1.0 10.0
0.0 1.0 0.0 2.68221e-007
-1.0 0.0 -2.90067e-007 20.0
-3.0 0.0 -2.5
3.0 3.5 2.5
0
1
WallMaterial
__PointLight__
0.707107 -0.707107 0.0 24.5
0.0 0.0 1.0 19.2748
-0.707107 -0.707107 0.0 20.0
1.0 0.611765 0.0
1.0
1
1.5
3.0
__PointLight__
1.0 0.0 0.0 24.5
0.0 0.0 1.0 19.2748
0.0 -1.0 0.0 24.5
1.0 0.611765 0.0
1.0
1
1.5
3.0
__PointLight__
0.707107 -0.707107 0.0 35.0
0.0 0.0 1.0 16.0248
-0.707107 -0.707107 0.0 12.5
0.380392 0.627451 0.368627
1.0
1
1.5
7.0
__PointLight__
0.707107 -0.707107 0.0 35.0
0.0 0.0 1.0 16.0248
-0.707107 -0.707107 0.0 20.0
0.380392 0.627451 0.368627
1.0
1
1.5
7.0
SmallSupport
1.0 0.0 0.0 24.5
0.0 1.0 0.0 2.68221e-007
0.0 0.0 1.0 33.0
-0.75 0.0 0.0
0.75 5.0 0.999999
0
1
WallMaterial
SmallSupport
1.0 0.0 0.0 15.5
0.0 1.0 0.0 2.68221e-007
0.0 0.0 1.0 33.0
-0.75 0.0 0.0
0.75 5.0 0.999999
0
1
WallMaterial
SmallSupport
0.0 0.0 1.0 9.53674e-007
0.0 1.0 0.0 2.68221e-007
-1.0 0.0 0.0 24.5
0.0 0.0 -0.75
0.999999 5.0 0.75
0
1
WallMaterial
SmallSupport
0.0 0.0 1.0 9.53674e-007
0.0 1.0 0.0 2.68221e-007
-1.0 0.0 0.0 15.5
0.0 0.0 -0.75
0.999999 5.0 0.75
0
1
WallMaterial
SmallSupport
0.0 0.0 1.0 9.53674e-007
0.0 1.0 0.0 2.68221e-007
-1.0 0.0 0.0 32.5
0.0 0.0 -0.75
0.999999 5.0 0.75
0
1
WallMaterial
SmallSupport
0.0 0.0 1.0 9.53674e-007
0.0 1.0 0.0 2.68221e-007
-1.0 0.0 0.0 7.5
0.0 0.0 -0.75
0.999999 5.0 0.75
0
1
WallMaterial
SmallSupport
-1.0 0.0 0.0 24.5
0.0 1.0 0.0 2.68221e-007
0.0 0.0 -1.0 40.0
-0.75 0.0 -0.999999
0.75 5.0 0.0
0
1
WallMaterial
SmallSupport
-1.0 0.0 0.0 15.5
0.0 1.0 0.0 2.68221e-007
0.0 0.0 -1.0 40.0
-0.75 0.0 -0.999999
0.75 5.0 0.0
0
1
WallMaterial
SmallSupport
-1.0 0.0 0.0 24.5
0.0 1.0 0.0 2.68221e-007
0.0 0.0 -1.0 7.0
-0.75 0.0 -0.999999
0.75 5.0 0.0
0
1
WallMaterial
SmallSupport
-1.0 0.0 0.0 15.5
0.0 1.0 0.0 2.68221e-007
0.0 0.0 -1.0 7.0
-0.75 0.0 -0.999999
0.75 5.0 0.0
0
1
WallMaterial
SmallSupport
-1.0 0.0 0.0 32.5
0.0 1.0 0.0 2.68221e-007
0.0 0.0 -1.0 40.0
-0.75 0.0 -0.999999
0.75 5.0 0.0
0
1
WallMaterial
SmallSupport
-1.0 0.0 0.0 7.5
0.0 1.0 0.0 2.68221e-007
0.0 0.0 -1.0 40.0
-0.75 0.0 -0.999999
0.75 5.0 0.0
0
1
WallMaterial
SmallSupport
0.0 0.0 -1.0 40.0
0.0 1.0 0.0 2.68221e-007
1.0 0.0 0.0 15.5
-0.999999 0.0 -0.75
0.0 5.0 0.75
0
1
WallMaterial
SmallSupport
0.0 0.0 -1.0 40.0
0.0 1.0 0.0 2.68221e-007
1.0 0.0 0.0 24.5
-0.999999 0.0 -0.75
0.0 5.0 0.75
0
1
WallMaterial
SmallSupport
0.0 0.0 -1.0 7.0
0.0 1.0 0.0 2.68221e-007
1.0 0.0 0.0 15.5
-0.999999 0.0 -0.75
0.0 5.0 0.75
0
1
WallMaterial
SmallSupport
0.0 0.0 -1.0 7.0
0.0 1.0 0.0 2.68221e-007
1.0 0.0 0.0 24.5
-0.999999 0.0 -0.75
0.0 5.0 0.75
0
1
WallMaterial
SmallSupport
0.0 0.0 -1.0 40.0
0.0 1.0 0.0 2.68221e-007
1.0 0.0 0.0 7.5
-0.999999 0.0 -0.75
0.0 5.0 0.75
0
1
WallMaterial
SmallSupport
0.0 0.0 -1.0 40.0
0.0 1.0 0.0 2.68221e-007
1.0 0.0 0.0 32.5
-0.999999 0.0 -0.75
0.0 5.0 0.75
0
1
WallMaterial
Beam
1.0 0.0 0.0 8.75
0.0 1.0 0.0 3.75
0.0 0.0 1.0 20.0
-0.5 -1.342 -2.5
0.5 0.0 2.5
0
1
WallMaterial
Beam
1.0 0.0 0.0 11.25
0.0 1.0 0.0 3.75
0.0 0.0 1.0 20.0
-0.5 -1.342 -2.5
0.5 0.0 2.5
0
1
WallMaterial
Beam
0.608127 0.0 -0.707107 17.0
0.0 1.0 0.0 8.25
0.608127 0.0 0.707107 23.0
-2.07183 -1.342 -2.07183
2.07183 0.0 2.07183
0
1
WallMaterial
Beam
0.0 1.0 0.0 15.25
-1.0 0.0 0.0 6.25
0.0 0.0 1.0 29.0
-1.342 -0.5 -2.5
0.0 0.5 2.5
0
1
WallMaterial
Beam
0.0 1.0 0.0 15.25
-1.0 0.0 0.0 9.0
0.0 0.0 1.0 29.0
-1.342 -0.5 -2.5
0.0 0.5 2.5
0
1
WallMaterial
Beam
0.0 1.0 0.0 15.25
-1.0 0.0 0.0 11.75
0.0 0.0 1.0 29.0
-1.342 -0.5 -2.5
0.0 0.5 2.5
0
1
WallMaterial
Beam
0.0 0.0 1.0 11.0
-1.0 0.0 0.0 6.25
0.0 -1.0 0.0 24.75
-2.5 -0.5 0.0
2.5 0.5 1.342
0
1
WallMaterial
Beam
0.0 0.0 1.0 11.0
-1.0 0.0 0.0 9.0
0.0 -1.0 0.0 24.75
-2.5 -0.5 0.0
2.5 0.5 1.342
0
1
WallMaterial
Beam
0.0 0.0 1.0 11.0
-1.0 0.0 0.0 11.75
0.0 -1.0 0.0 24.75
-2.5 -0.5 0.0
2.5 0.5 1.342
0
1
WallMaterial
Beam
0.0 0.0 1.0 29.0
-1.0 0.0 0.0 9.0
0.0 -1.0 0.0 24.75
-2.5 -0.5 0.0
2.5 0.5 1.342
0
1
WallMaterial
Beam
0.0 -1.0 0.0 24.75
-1.0 0.0 0.0 9.0
0.0 0.0 -1.0 29.0
-2.40413e-007 -0.5 -2.5
1.342 0.5 2.5
0
1
WallMaterial
Beam
0.608127 0.0 0.707107 23.0
0.0 1.0 0.0 8.25
-0.608127 0.0 0.707107 23.0
-2.07183 -1.342 -2.07183
2.07183 0.0 2.07183
0
1
WallMaterial
Beam
0.0 0.0 1.0 29.0
-1.0 0.0 0.0 6.25
0.0 -1.0 0.0 24.75
-2.5 -0.5 0.0
2.5 0.5 1.342
0
1
WallMaterial
Beam
0.0 -1.0 0.0 24.75
-1.0 0.0 0.0 11.75
0.0 0.0 -1.0 29.0
-2.40413e-007 -0.5 -2.5
1.342 0.5 2.5
0
1
WallMaterial
Beam
0.0 0.0 1.0 29.0
-1.0 0.0 0.0 11.75
0.0 -1.0 0.0 24.75
-2.5 -0.5 0.0
2.5 0.5 1.342
0
1
WallMaterial
Beam
0.0 -1.0 0.0 24.75
-1.0 0.0 0.0 6.25
0.0 0.0 -1.0 29.0
-2.40413e-007 -0.5 -2.5
1.342 0.5 2.5
0
1
WallMaterial
Beam
0.0 0.0 1.0 20.0
0.0 1.0 0.0 3.75
-1.0 0.0 0.0 31.25
-2.5 -1.342 -0.5
2.5 0.0 0.5
0
1
WallMaterial
Beam
0.0 0.0 1.0 20.0
0.0 1.0 0.0 3.75
-1.0 0.0 0.0 28.75
-2.5 -1.342 -0.5
2.5 0.0 0.5
0
1
WallMaterial
Beam
0.0 -1.0 0.0 24.75
-1.0 0.0 0.0 9.0
0.0 0.0 -1.0 11.0
-2.40413e-007 -0.5 -2.5
1.342 0.5 2.5
0
1
WallMaterial
Beam
0.0 0.0 -1.0 29.0
-1.0 0.0 0.0 9.0
0.0 1.0 0.0 15.25
-2.5 -0.5 -1.342
2.5 0.5 0.0
0
1
WallMaterial
Beam
-0.608127 0.0 0.707107 23.0
0.0 1.0 0.0 8.25
-0.608127 0.0 -0.707107 17.0
-2.07183 -1.342 -2.07183
2.07183 0.0 2.07183
0
1
WallMaterial
Beam
0.0 -1.0 0.0 24.75
-1.0 0.0 0.0 6.25
0.0 0.0 -1.0 11.0
-2.40413e-007 -0.5 -2.5
1.342 0.5 2.5
0
1
WallMaterial
Beam
0.0 0.0 -1.0 29.0
-1.0 0.0 0.0 11.75
0.0 1.0 0.0 15.25
-2.5 -0.5 -1.342
2.5 0.5 0.0
0
1
WallMaterial
Beam
0.0 -1.0 0.0 24.75
-1.0 0.0 0.0 11.75
0.0 0.0 -1.0 11.0
-2.40413e-007 -0.5 -2.5
1.342 0.5 2.5
0
1
WallMaterial
Beam
0.0 0.0 -1.0 29.0
-1.0 0.0 0.0 6.25
0.0 1.0 0.0 15.25
-2.5 -0.5 -1.342
2.5 0.5 0.0
0
1
WallMaterial
Beam
-1.0 0.0 0.0 31.25
0.0 1.0 0.0 3.75
0.0 0.0 -1.0 20.0
-0.5 -1.342 -2.5
0.5 0.0 2.5
0
1
WallMaterial
Beam
-1.0 0.0 0.0 28.75
0.0 1.0 0.0 3.75
0.0 0.0 -1.0 20.0
-0.5 -1.342 -2.5
0.5 0.0 2.5
0
1
WallMaterial
Beam
0.0 0.0 -1.0 11.0
-1.0 0.0 0.0 9.0
0.0 1.0 0.0 15.25
-2.5 -0.5 -1.342
2.5 0.5 0.0
0
1
WallMaterial
Beam
0.0 1.0 1.74846e-007 15.25
-1.0 0.0 0.0 9.0
0.0 -1.74846e-007 1.0 11.0
-1.342 -0.5 -2.5
4.5897e-007 0.5 2.5
0
1
WallMaterial
Beam
-0.608127 0.0 -0.707107 17.0
0.0 1.0 0.0 8.25
0.608127 0.0 -0.707107 17.0
-2.07183 -1.342 -2.07183
2.07183 0.0 2.07183
0
1
WallMaterial
Beam
0.0 0.0 -1.0 11.0
-1.0 0.0 0.0 6.25
0.0 1.0 0.0 15.25
-2.5 -0.5 -1.342
2.5 0.5 0.0
0
1
WallMaterial
Beam
0.0 1.0 1.74846e-007 15.25
-1.0 0.0 0.0 11.75
0.0 -1.74846e-007 1.0 11.0
-1.342 -0.5 -2.5
4.5897e-007 0.5 2.5
0
1
WallMaterial
Beam
0.0 0.0 -1.0 11.0
-1.0 0.0 0.0 11.75
0.0 1.0 0.0 15.25
-2.5 -0.5 -1.342
2.5 0.5 0.0
0
1
WallMaterial
Beam
0.0 1.0 1.74846e-007 15.25
-1.0 0.0 0.0 6.25
0.0 -1.74846e-007 1.0 11.0
-1.342 -0.5 -2.5
4.5897e-007 0.5 2.5
0
1
WallMaterial
Beam
0.0 0.0 -1.0 20.0
0.0 1.0 0.0 3.75
1.0 0.0 0.0 8.75
-2.5 -1.342 -0.5
2.5 0.0 0.5
0
1
WallMaterial
Beam
0.0 0.0 -1.0 20.0
0.0 1.0 0.0 3.75
1.0 0.0 0.0 11.25
-2.5 -1.342 -0.5
2.5 0.0 0.5
0
1
WallMaterial
SmallSupport
1.39071e-007 0.0 1.0 33.0
0.0 1.0 0.0 2.68221e-007
-1.0 0.0 1.39071e-007 15.5
0.0 0.0 -0.75
0.999999 5.0 0.75
0
1
WallMaterial
SmallSupport
1.39071e-007 0.0 1.0 33.0
0.0 1.0 0.0 2.68221e-007
-1.0 0.0 1.39071e-007 24.5
0.0 0.0 -0.75
0.999999 5.0 0.75
0
1
WallMaterial
InnerSanctum
1.0 0.0 0.0 20.0
0.0 1.0 0.0 13.5
0.0 0.0 1.0 20.0
-7.0 0.0 -7.0
7.0 8.13967 7.0
0
1
WallMaterial
OuterHall
1.0 0.0 0.0 33.0
0.0 1.0 0.0 13.5
0.0 0.0 1.0 7.0
2.38419e-007 -2.62268e-007 -1.43051e-006
7.0 6.0 26.0
0
1
WallMaterial
__PointLight__
0.707107 -0.707107 0.0 35.0
0.0 0.0 1.0 16.0248
-0.707107 -0.707107 0.0 27.5
0.380392 0.627451 0.368627
1.0
1
1.5
7.0
OuterHallCorner
0.0 0.0 -1.0 33.0
0.0 1.0 0.0 13.5
1.0 0.0 0.0 33.0
-1.58546e-006 0.0 4.76837e-007
7.0 5.0 7.0
0
1
WallMaterial
__PointLight__
0.707107 -0.707107 0.0 27.5
0.0 0.0 1.0 16.0248
-0.707107 -0.707107 0.0 35.0
0.380392 0.627451 0.368627
1.0
1
1.5
7.0
OuterHall
0.0 0.0 -1.0 33.0
0.0 1.0 0.0 13.5
1.0 0.0 0.0 33.0
-26.0 -2.62268e-007 2.62268e-007
1.51399e-006 6.0 7.0
0
1
WallMaterial
OuterHall
-1.0 0.0 1.50996e-007 7.0
0.0 1.0 0.0 13.5
-1.50996e-007 0.0 -1.0 33.0
-7.0 -2.62268e-007 -26.0
3.44905e-006 6.0 1.43051e-006
0
1
WallMaterial
__PointLight__
0.707107 -0.707107 0.0 20.0
0.0 0.0 1.0 16.0248
-0.707107 -0.707107 0.0 35.0
0.380392 0.627451 0.368627
1.0
1
1.5
7.0
OuterHallCorner
-1.0 0.0 0.0 7.0
0.0 1.0 0.0 13.5
0.0 0.0 -1.0 33.0
-7.0 0.0 -1.50198e-006
-4.76837e-007 5.0 7.0
0
1
WallMaterial
SideRoom
1.0 0.0 0.0 29.5
0.0 1.0 0.0 13.5
0.0 0.0 1.0 10.5
-4.0 0.0 -3.0
3.0 3.5 4.0
0
1
WallMaterial
ShaftCover
-1.0 -1.50996e-007 0.0 10.5
1.50996e-007 -1.0 0.0 17.0
0.0 0.0 1.0 10.5
-1.0 -0.301308 -1.0
4.0 1.50996e-007 4.0
0
1
WallMaterial
SideRoom
0.0 0.0 -1.0 29.5
0.0 1.0 0.0 13.5
1.0 0.0 0.0 29.5
-4.0 0.0 -4.0
3.0 3.5 3.0
0
1
WallMaterial
ShaftCover
0.0 -1.50996e-007 1.0 10.5
0.0 -1.0 -1.50996e-007 17.0
1.0 0.0 0.0 29.5
-1.0 -0.301308 -4.0
4.0 1.50996e-007 1.0
0
1
WallMaterial
SideRoom
-1.0 0.0 0.0 10.5
0.0 1.0 0.0 13.5
0.0 0.0 -1.0 29.5
-3.0 0.0 -4.0
4.0 3.5 3.0
0
1
WallMaterial
ShaftCover
1.0 -1.50996e-007 0.0 29.5
-1.50996e-007 -1.0 0.0 17.0
0.0 0.0 -1.0 29.5
-4.0 -0.301307 -4.0
1.0 6.03983e-007 1.0
0
1
WallMaterial
SideRoom
0.0 0.0 1.0 10.5
0.0 1.0 0.0 13.5
-1.0 0.0 0.0 10.5
-3.0 0.0 -3.0
4.0 3.5 4.0
0
1
WallMaterial
ShaftCover
0.0 -1.50996e-007 -1.0 29.5
0.0 -1.0 1.50996e-007 17.0
-1.0 0.0 0.0 10.5
-4.0 -0.301307 -1.0
1.0 6.03983e-007 4.0
0
1
WallMaterial
DoorBorderOuter
1.0 0.0 0.0 20.0
0.0 1.0 0.0 13.5
0.0 0.0 1.0 27.0
-2.75 -2.68221e-007 -0.529785
2.75 3.75 0.0
0
1
WallMaterial
DoorBorderOuter
1.0 0.0 0.0 20.0
0.0 1.0 0.0 13.5
0.0 0.0 1.0 7.0
-2.75 -2.68221e-007 -0.529785
2.75 3.75 0.0
0
1
WallMaterial
DoorBorderOuter
1.0 0.0 0.0 29.0
0.0 1.0 0.0 13.5
0.0 0.0 1.0 7.0
-2.75 -2.68221e-007 -0.529785
2.75 3.75 0.0
0
1
WallMaterial
DoorBorderOuter
1.0 0.0 0.0 11.0
0.0 1.0 0.0 13.5
0.0 0.0 1.0 7.0
-2.75 -2.68221e-007 -0.529785
2.75 3.75 0.0
0
1
WallMaterial
DoorBorderOuter
0.0 0.0 -1.0 33.0
0.0 1.0 0.0 13.5
1.0 0.0 0.0 11.0
-1.20206e-007 -2.68221e-007 -2.75
0.529785 3.75 2.75
0
1
WallMaterial
DoorBorderOuter
0.0 0.0 -1.0 33.0
0.0 1.0 0.0 13.5
1.0 0.0 0.0 20.0
-1.20206e-007 -2.68221e-007 -2.75
0.529785 3.75 2.75
0
1
WallMaterial
DoorBorderOuter
0.0 0.0 -1.0 33.0
0.0 1.0 0.0 13.5
1.0 0.0 0.0 29.0
-1.20206e-007 -2.68221e-007 -2.75
0.529785 3.75 2.75
0
1
WallMaterial
DoorBorderOuter
-1.0 0.0 0.0 29.0
0.0 1.0 0.0 13.5
0.0 0.0 -1.0 33.0
-2.75 -2.68221e-007 -2.40413e-007
2.75 3.75 0.529785
0
1
WallMaterial
DoorBorderOuter
-1.0 0.0 0.0 20.0
0.0 1.0 0.0 13.5
0.0 0.0 -1.0 33.0
-2.75 -2.68221e-007 -2.40413e-007
2.75 3.75 0.529785
0
1
WallMaterial
DoorBorderOuter
-1.0 0.0 0.0 11.0
0.0 1.0 0.0 13.5
0.0 0.0 -1.0 33.0
-2.75 -2.68221e-007 -2.40413e-007
2.75 3.75 0.529785
0
1
WallMaterial
DoorBorderOuter
0.0 0.0 1.0 7.0
0.0 1.0 0.0 13.5
-1.0 0.0 0.0 29.0
-0.529785 -2.68221e-007 -2.75
0.0 3.75 2.75
0
1
WallMaterial
DoorBorderOuter
0.0 0.0 1.0 7.0
0.0 1.0 0.0 13.5
-1.0 0.0 0.0 20.0
-0.529785 -2.68221e-007 -2.75
0.0 3.75 2.75
0
1
WallMaterial
DoorBorderOuter
0.0 0.0 1.0 7.0
0.0 1.0 0.0 13.5
-1.0 0.0 0.0 11.0
-0.529785 -2.68221e-007 -2.75
0.0 3.75 2.75
0
1
WallMaterial
DoorBorderOuter
0.0 0.0 1.0 27.0
0.0 1.0 0.0 13.5
-1.0 0.0 0.0 20.0
-0.529785 -2.68221e-007 -2.75
1.20206e-007 3.75 2.75
0
1
WallMaterial
DoorBorderOuter
-1.0 0.0 0.0 20.0
0.0 1.0 0.0 13.5
0.0 0.0 -1.0 13.0
-2.75 -2.68221e-007 -2.40413e-007
2.75 3.75 0.529785
0
1
WallMaterial
DoorBorderOuter
0.0 0.0 -1.0 13.0
0.0 1.0 0.0 13.5
1.0 0.0 0.0 20.0
0.0 -2.68221e-007 -2.75
0.529785 3.75 2.75
0
1
WallMaterial
DoorBorderOuter
0.0 0.0 1.0 32.5
0.0 1.0 0.0 13.5
-1.0 0.0 0.0 11.0
-0.529785 -2.68221e-007 -2.75
0.0 3.75 2.75
0
1
WallMaterial
DoorBorderOuter
0.0 0.0 1.0 32.5
0.0 1.0 0.0 13.5
-1.0 0.0 0.0 29.0
-0.529785 -2.68221e-007 -2.75
0.0 3.75 2.75
0
1
WallMaterial
DoorBorderOuter
1.0 0.0 -1.74846e-007 11.0
0.0 1.0 0.0 13.5
1.74846e-007 0.0 1.0 32.5
-2.75 -2.68221e-007 -0.529786
2.75 3.75 4.80825e-007
0
1
WallMaterial
DoorBorderOuter
1.0 0.0 -1.74846e-007 29.0
0.0 1.0 0.0 13.5
1.74846e-007 0.0 1.0 32.5
-2.75 -2.68221e-007 -0.529786
2.75 3.75 4.80825e-007
0
1
WallMaterial
DoorBorderOuter
-3.37766e-007 0.0 -1.0 7.5
0.0 1.0 0.0 13.5
1.0 0.0 -3.37766e-007 11.0
-9.28857e-007 -2.68221e-007 -2.75
0.529786 3.75 2.75
0
1
WallMaterial
DoorBorderOuter
-3.37766e-007 0.0 -1.0 7.5
0.0 1.0 0.0 13.5
1.0 0.0 -3.37766e-007 29.0
-9.28857e-007 -2.68221e-007 -2.75
0.529786 3.75 2.75
0
1
WallMaterial
DoorBorderInner
1.0 0.0 0.0 20.0
0.0 1.0 0.0 13.5
0.0 0.0 1.0 33.0
-2.75 -2.68221e-007 -0.529785
2.75 3.75 0.0
0
1
WallMaterial
DoorBorderInner
1.0 0.0 0.0 20.0
0.0 1.0 0.0 13.5
0.0 0.0 1.0 13.0
-2.75 -2.68221e-007 -0.529785
2.75 3.75 0.0
0
1
WallMaterial
DoorBorderInner
0.0 0.0 -1.0 27.0
0.0 1.0 0.0 13.5
1.0 0.0 0.0 20.0
-1.95704e-007 -2.68221e-007 -2.75
0.529785 3.75 2.75
0
1
WallMaterial
DoorBorderInner
0.0 0.0 -1.0 7.0
0.0 1.0 0.0 13.5
1.0 0.0 0.0 20.0
-1.95704e-007 -2.68221e-007 -2.75
0.529785 3.75 2.75
0
1
WallMaterial
DoorBorderInner
1.94707e-007 0.0 1.0 33.0
0.0 1.0 0.0 13.5
-1.0 0.0 1.94707e-007 20.0
-0.529786 -2.68221e-007 -2.75
6.10943e-007 3.75 2.75
0
1
WallMaterial
DoorBorderInner
1.94707e-007 0.0 1.0 13.0
0.0 1.0 0.0 13.5
-1.0 0.0 1.94707e-007 20.0
-0.529786 -2.68221e-007 -2.75
6.10943e-007 3.75 2.75
0
1
WallMaterial
DoorBorderInner
-1.0 0.0 1.50996e-007 20.0
0.0 1.0 0.0 13.5
-1.50996e-007 0.0 -1.0 27.0
-2.75 -2.68221e-007 -4.90736e-007
2.75 3.75 0.529786
0
1
WallMaterial
DoorBorderInner
-1.0 0.0 1.50996e-007 20.0
0.0 1.0 0.0 13.5
-1.50996e-007 0.0 -1.0 7.0
-2.75 -2.68221e-007 -4.90736e-007
2.75 3.75 0.529786
0
1
WallMaterial
DoorBorderArch
1.0 0.0 0.0 11.0
0.0 1.0 0.0 13.5
0.0 0.0 1.0 7.5
-2.0 -2.38419e-007 -0.529785
2.0 3.0 0.0
0
1
WallMaterial
DoorBorderOuter
-1.0 0.0 0.0 29.0
0.0 1.0 0.0 13.5
0.0 0.0 -1.0 7.5
-2.75 -2.68221e-007 -2.40413e-007
2.75 3.75 0.529785
0
1
WallMaterial
DoorBorderOuter
-1.0 0.0 0.0 11.0
0.0 1.0 0.0 13.5
0.0 0.0 -1.0 7.5
-2.75 -2.68221e-007 -2.40413e-007
2.75 3.75 0.529785
0
1
WallMaterial
DoorBorderArch
1.0 0.0 0.0 29.0
0.0 1.0 0.0 13.5
0.0 0.0 1.0 7.5
-2.0 -2.38419e-007 -0.529785
2.0 3.0 0.0
0
1
WallMaterial
DoorBorderArch
-1.0 0.0 -1.50996e-007 11.0
0.0 1.0 0.0 13.5
1.50996e-007 0.0 -1.0 32.5
-2.0 -2.38419e-007 -2.72189e-007
2.0 3.0 0.529786
0
1
WallMaterial
DoorBorderArch
-1.0 0.0 -1.50996e-007 29.0
0.0 1.0 0.0 13.5
1.50996e-007 0.0 -1.0 32.5
-2.0 -2.38419e-007 -2.72189e-007
2.0 3.0 0.529786
0
1
WallMaterial
DoorBorderArch
0.0 0.0 1.0 33.0
0.0 1.0 0.0 13.5
-1.0 0.0 0.0 11.0
-0.529785 -2.38419e-007 -2.0
0.0 3.0 2.0
0
1
WallMaterial
DoorBorderArch
0.0 0.0 1.0 33.0
0.0 1.0 0.0 13.5
-1.0 0.0 0.0 29.0
-0.529785 -2.38419e-007 -2.0
0.0 3.0 2.0
0
1
WallMaterial
DoorBorderArch
1.39071e-007 0.0 -1.0 7.0
0.0 1.0 0.0 13.5
1.0 0.0 1.39071e-007 29.0
-2.4834e-007 -2.38419e-007 -2.0
0.529786 3.0 2.0
0
1
WallMaterial
DoorBorderArch
1.39071e-007 0.0 -1.0 6.99999
0.0 1.0 0.0 13.5
1.0 0.0 1.39071e-007 11.0
-2.4834e-007 -2.38419e-007 -2.0
0.529786 3.0 2.0
0
1
WallMaterial
DoorBorderOuter
0.707107 0.0 0.707107 37.25
0.0 1.0 0.0 13.5
-0.707107 0.0 0.707107 37.25
-2.12132 -2.68221e-007 -2.12132
1.94454 3.75 1.94454
0
1
WallMaterial
DoorBorderOuter
-0.707107 0.0 0.707107 37.25
0.0 1.0 0.0 13.5
-0.707107 0.0 -0.707107 2.75
-2.12132 -2.68221e-007 -1.94454
1.94454 3.75 2.12132
0
1
WallMaterial
DoorBorderOuter
-0.707107 0.0 -0.707107 2.75
0.0 1.0 0.0 13.5
0.707107 0.0 -0.707107 2.75
-1.94454 -2.68221e-007 -1.94454
2.12132 3.75 2.12132
0
1
WallMaterial
DoorBorderOuter
0.707107 0.0 -0.707107 2.75
0.0 1.0 0.0 13.5
0.707107 0.0 0.707107 37.25
-1.94454 -2.68221e-007 -2.12132
2.12132 3.75 1.94454
0
1
WallMaterial
LargeSupport
0.707107 0.0 0.707107 14.75
0.0 1.0 0.0 13.5
-0.707107 0.0 0.707107 14.75
-0.618718 0.0 -0.618718
2.91682 8.25 2.91682
0
1
WallMaterial
LargeSupport
-0.707107 0.0 0.707107 14.75
0.0 1.0 0.0 13.5
-0.707107 0.0 -0.707107 25.25
-0.618718 0.0 -2.91682
2.91682 8.25 0.618718
0
1
WallMaterial
LargeSupport
-0.707107 0.0 -0.707107 25.25
0.0 1.0 0.0 13.5
0.707107 0.0 -0.707107 25.25
-2.91682 0.0 -2.91682
0.618718 8.25 0.618718
0
1
WallMaterial
LargeSupport
0.707107 0.0 -0.707107 25.25
0.0 1.0 0.0 13.5
0.707107 0.0 0.707107 14.75
-2.91681 0.0 -0.618718
0.618718 8.25 2.91682
0
1
WallMaterial
Hall
1.0 0.0 -1.74846e-007 20.0
0.0 1.0 0.0 13.5
1.74846e-007 0.0 1.0 10.0
-2.5 0.0 -3.0
2.5 3.5 3.0
0
1
WallMaterial
Hall
-1.0 0.0 0.0 20.0
0.0 1.0 0.0 13.5
0.0 0.0 -1.0 30.0
-2.5 0.0 -3.0
2.5 3.5 3.0
0
1
WallMaterial
Hall
1.39071e-007 0.0 -1.0 30.0
0.0 1.0 0.0 13.5
1.0 0.0 1.39071e-007 20.0
-3.0 0.0 -2.5
3.0 3.5 2.5
0
1
WallMaterial
Hall
-2.90067e-007 0.0 1.0 10.0
0.0 1.0 0.0 13.5
-1.0 0.0 -2.90067e-007 20.0
-3.0 0.0 -2.5
3.0 3.5 2.5
0
1
WallMaterial
__PointLight__
0.707107 -0.707107 0.0 12.5
0.0 0.0 1.0 16.0248
-0.707107 -0.707107 0.0 35.0
0.380392 0.627451 0.368627
1.0
1
1.5
7.0
__PointLight__
0.707107 -0.707107 0.0 5.0
0.0 0.0 1.0 16.0248
-0.707107 -0.707107 0.0 27.5
0.380392 0.627451 0.368627
1.0
1
1.5
7.0
__PointLight__
0.707107 -0.707107 0.0 5.0
0.0 0.0 1.0 16.0248
-0.707107 -0.707107 0.0 20.0
0.380392 0.627451 0.368627
1.0
1
1.5
7.0
__PointLight__
0.707107 -0.707107 0.0 5.0
0.0 0.0 1.0 16.0248
-0.707107 -0.707107 0.0 12.5
0.380392 0.627451 0.368627
1.0
1
1.5
7.0
SmallSupport
1.0 0.0 0.0 24.5
0.0 1.0 0.0 13.5
0.0 0.0 1.0 33.0
-0.75 0.0 0.0
0.75 5.0 0.999999
0
1
WallMaterial
SmallSupport
1.0 0.0 0.0 15.5
0.0 1.0 0.0 13.5
0.0 0.0 1.0 33.0
-0.75 0.0 0.0
0.75 5.0 0.999999
0
1
WallMaterial
SmallSupport
0.0 0.0 1.0 9.53674e-007
0.0 1.0 0.0 13.5
-1.0 0.0 0.0 24.5
0.0 0.0 -0.75
0.999999 5.0 0.75
0
1
WallMaterial
SmallSupport
0.0 0.0 1.0 9.53674e-007
0.0 1.0 0.0 13.5
-1.0 0.0 0.0 15.5
0.0 0.0 -0.75
0.999999 5.0 0.75
0
1
WallMaterial
SmallSupport
0.0 0.0 1.0 9.53674e-007
0.0 1.0 0.0 13.5
-1.0 0.0 0.0 32.5
0.0 0.0 -0.75
0.999999 5.0 0.75
0
1
WallMaterial
SmallSupport
0.0 0.0 1.0 9.53674e-007
0.0 1.0 0.0 13.5
-1.0 0.0 0.0 7.5
0.0 0.0 -0.75
0.999999 5.0 0.75
0
1
WallMaterial
SmallSupport
-1.0 0.0 0.0 24.5
0.0 1.0 0.0 13.5
0.0 0.0 -1.0 40.0
-0.75 0.0 -0.999999
0.75 5.0 0.0
0
1
WallMaterial
SmallSupport
-1.0 0.0 0.0 15.5
0.0 1.0 0.0 13.5
0.0 0.0 -1.0 40.0
-0.75 0.0 -0.999999
0.75 5.0 0.0
0
1
WallMaterial
SmallSupport
-1.0 0.0 0.0 24.5
0.0 1.0 0.0 13.5
0.0 0.0 -1.0 7.0
-0.75 0.0 -0.999999
0.75 5.0 0.0
0
1
WallMaterial
SmallSupport
-1.0 0.0 0.0 15.5
0.0 1.0 0.0 13.5
0.0 0.0 -1.0 7.0
-0.75 0.0 -0.999999
0.75 5.0 0.0
0
1
WallMaterial
SmallSupport
-1.0 0.0 0.0 32.5
0.0 1.0 0.0 13.5
0.0 0.0 -1.0 40.0
-0.75 0.0 -0.999999
0.75 5.0 0.0
0
1
WallMaterial
SmallSupport
-1.0 0.0 0.0 7.5
0.0 1.0 0.0 13.5
0.0 0.0 -1.0 40.0
-0.75 0.0 -0.999999
0.75 5.0 0.0
0
1
WallMaterial
SmallSupport
0.0 0.0 -1.0 40.0
0.0 1.0 0.0 13.5
1.0 0.0 0.0 15.5
-0.999999 0.0 -0.75
0.0 5.0 0.75
0
1
WallMaterial
SmallSupport
0.0 0.0 -1.0 40.0
0.0 1.0 0.0 13.5
1.0 0.0 0.0 24.5
-0.999999 0.0 -0.75
0.0 5.0 0.75
0
1
WallMaterial
SmallSupport
0.0 0.0 -1.0 7.0
0.0 1.0 0.0 13.5
1.0 0.0 0.0 15.5
-0.999999 0.0 -0.75
0.0 5.0 0.75
0
1
WallMaterial
SmallSupport
0.0 0.0 -1.0 7.0
0.0 1.0 0.0 13.5
1.0 0.0 0.0 24.5
-0.999999 0.0 -0.75
0.0 5.0 0.75
0
1
WallMaterial
SmallSupport
0.0 0.0 -1.0 40.0
0.0 1.0 0.0 13.5
1.0 0.0 0.0 7.5
-0.999999 0.0 -0.75
0.0 5.0 0.75
0
1
WallMaterial
SmallSupport
0.0 0.0 -1.0 40.0
0.0 1.0 0.0 13.5
1.0 0.0 0.0 32.5
-0.999999 0.0 -0.75
0.0 5.0 0.75
0
1
WallMaterial
Beam
1.0 0.0 0.0 8.75
0.0 1.0 0.0 17.25
0.0 0.0 1.0 20.0
-0.5 -1.342 -2.5
0.5 0.0 2.5
0
1
WallMaterial
Beam
1.0 0.0 0.0 11.25
0.0 1.0 0.0 17.25
0.0 0.0 1.0 20.0
-0.5 -1.342 -2.5
0.5 0.0 2.5
0
1
WallMaterial
Beam
0.608127 0.0 -0.707107 17.0
0.0 1.0 0.0 21.75
0.608127 0.0 0.707107 23.0
-2.07183 -1.342 -2.07183
2.07183 0.0 2.07183
0
1
WallMaterial
Beam
0.608127 0.0 0.707107 23.0
0.0 1.0 0.0 21.75
-0.608127 0.0 0.707107 23.0
-2.07183 -1.342 -2.07183
2.07183 0.0 2.07183
0
1
WallMaterial
Beam
0.0 0.0 1.0 20.0
0.0 1.0 0.0 17.25
-1.0 0.0 0.0 31.25
-2.5 -1.342 -0.5
2.5 0.0 0.5
0
1
WallMaterial
Beam
0.0 0.0 1.0 20.0
0.0 1.0 0.0 17.25
-1.0 0.0 0.0 28.75
-2.5 -1.342 -0.5
2.5 0.0 0.5
0
1
WallMaterial
Beam
-0.608127 0.0 0.707107 23.0
0.0 1.0 0.0 21.75
-0.608127 0.0 -0.707107 17.0
-2.07183 -1.342 -2.07183
2.07183 0.0 2.07183
0
1
WallMaterial
Beam
-1.0 0.0 0.0 31.25
0.0 1.0 0.0 17.25
0.0 0.0 -1.0 20.0
-0.5 -1.342 -2.5
0.5 0.0 2.5
0
1
WallMaterial
Beam
-1.0 0.0 0.0 28.75
0.0 1.0 0.0 17.25
0.0 0.0 -1.0 20.0
-0.5 -1.342 -2.5
0.5 0.0 2.5
0
1
WallMaterial
Beam
-0.608127 0.0 -0.707107 17.0
0.0 1.0 0.0 21.75
0.608127 0.0 -0.707107 17.0
-2.07183 -1.342 -2.07183
2.07183 0.0 2.07183
0
1
WallMaterial
Beam
0.0 0.0 -1.0 20.0
0.0 1.0 0.0 17.25
1.0 0.0 0.0 8.75
-2.5 -1.342 -0.5
2.5 0.0 0.5
0
1
WallMaterial
Beam
0.0 0.0 -1.0 20.0
0.0 1.0 0.0 17.25
1.0 0.0 0.0 11.25
-2.5 -1.342 -0.5
2.5 0.0 0.5
0
1
WallMaterial
SmallSupport
1.39071e-007 0.0 1.0 33.0
0.0 1.0 0.0 13.5
-1.0 0.0 1.39071e-007 15.5
0.0 0.0 -0.75
0.999999 5.0 0.75
0
1
WallMaterial
SmallSupport
1.39071e-007 0.0 1.0 33.0
0.0 1.0 0.0 13.5
-1.0 0.0 1.39071e-007 24.5
0.0 0.0 -0.75
0.999999 5.0 0.75
0
1
WallMaterial
__PointLight__
0.707107 -0.707107 0.0 35.0
0.0 0.0 1.0 16.0248
-0.707107 -0.707107 0.0 35.0
0.380392 0.627451 0.368627
1.0
1
1.5
7.0
__PointLight__
1.0 0.0 0.0 24.5
0.0 0.0 1.0 0.75
0.0 -1.0 0.0 15.5
1.0 0.611765 0.0
1.0
1
1.5
3.0
__PointLight__
1.0 0.0 0.0 15.5
0.0 0.0 1.0 0.75
0.0 -1.0 0.0 15.5
1.0 0.611765 0.0
1.0
1
1.5
3.0
__PointLight__
1.0 0.0 0.0 15.5
0.0 0.0 1.0 0.75
0.0 -1.0 0.0 24.5
1.0 0.611765 0.0
1.0
1
1.5
3.0
__PointLight__
1.0 0.0 0.0 24.5
0.0 0.0 1.0 0.75
0.0 -1.0 0.0 24.5
1.0 0.611765 0.0
1.0
1
1.5
3.0
__PointLight__
1.0 0.0 0.0 15.5
0.0 0.0 1.0 5.75
0.0 -1.0 0.0 24.5
1.0 0.611765 0.0
1.0
1
1.5
3.0
__PointLight__
1.0 0.0 0.0 24.5
0.0 0.0 1.0 5.75
0.0 -1.0 0.0 24.5
1.0 0.611765 0.0
1.0
1
1.5
3.0
__PointLight__
1.0 0.0 0.0 15.5
0.0 0.0 1.0 5.75
0.0 -1.0 0.0 15.5
1.0 0.611765 0.0
1.0
1
1.5
3.0
__PointLight__
1.0 0.0 0.0 24.5
0.0 0.0 1.0 5.75
0.0 -1.0 0.0 15.5
1.0 0.611765 0.0
1.0
1
1.5
3.0
__PointLight__
0.707107 -0.707107 0.0 15.5
0.0 0.0 1.0 0.75
-0.707107 -0.707107 0.0 20.0
1.0 0.611765 0.0
1.0
1
1.5
3.0
__PointLight__
0.707107 -0.707107 0.0 20.0
0.0 0.0 1.0 0.75
-0.707107 -0.707107 0.0 24.5
1.0 0.611765 0.0
1.0
1
1.5
3.0
__PointLight__
0.707107 -0.707107 0.0 24.5
0.0 0.0 1.0 0.750001
-0.707107 -0.707107 0.0 20.0
1.0 0.611765 0.0
1.0
1
1.5
3.0
__PointLight__
0.707107 -0.707107 0.0 20.0
0.0 0.0 1.0 0.75
-0.707107 -0.707107 0.0 15.5
1.0 0.611765 0.0
1.0
1
1.5
3.0
__PointLight__
0.707107 -0.707107 0.0 24.5
0.0 0.0 1.0 5.75
-0.707107 -0.707107 0.0 20.0
1.0 0.611765 0.0
1.0
1
1.5
3.0
__PointLight__
0.707107 -0.707107 0.0 15.5
0.0 0.0 1.0 5.75
-0.707107 -0.707107 0.0 20.0
1.0 0.611765 0.0
1.0
1
1.5
3.0
__PointLight__
0.707107 -0.707107 0.0 20.0
0.0 0.0 1.0 5.75
-0.707107 -0.707107 0.0 15.5
1.0 0.611765 0.0
1.0
1
1.5
3.0
__PointLight__
0.707107 -0.707107 0.0 20.0
0.0 0.0 1.0 5.75
-0.707107 -0.707107 0.0 24.5
1.0 0.611765 0.0
1.0
1
1.5
3.0
__PointLight__
0.707107 -0.707107 0.0 12.0
0.0 0.0 1.0 6.25
-0.707107 -0.707107 0.0 12.0
1.0 0.0 0.0
1.0
1
1.5
3.0
__PointLight__
0.707107 -0.707107 0.0 12.0
0.0 0.0 1.0 9.0
-0.707107 -0.707107 0.0 12.0
1.0 0.0 0.0
1.0
1
1.5
3.0
__PointLight__
0.707107 -0.707107 0.0 12.0
0.0 0.0 1.0 11.75
-0.707107 -0.707107 0.0 12.0
1.0 0.0 0.0
1.0
1
1.5
3.0
__PointLight__
0.707107 -0.707107 0.0 28.0
0.0 0.0 1.0 9.0
-0.707107 -0.707107 0.0 12.0
1.0 0.0 0.0
1.0
1
1.5
3.0
__PointLight__
0.707107 -0.707107 0.0 28.0
0.0 0.0 1.0 11.75
-0.707107 -0.707107 0.0 12.0
1.0 0.0 0.0
1.0
1
1.5
3.0
__PointLight__
0.707107 -0.707107 0.0 28.0
0.0 0.0 1.0 6.25
-0.707107 -0.707107 0.0 12.0
1.0 0.0 0.0
1.0
1
1.5
3.0
__PointLight__
0.707107 -0.707107 0.0 28.0
0.0 0.0 1.0 9.0
-0.707107 -0.707107 0.0 28.0
1.0 0.0 0.0
1.0
1
1.5
3.0
__PointLight__
0.707107 -0.707107 0.0 28.0
0.0 0.0 1.0 11.75
-0.707107 -0.707107 0.0 28.0
1.0 0.0 0.0
1.0
1
1.5
3.0
__PointLight__
0.707107 -0.707107 0.0 28.0
0.0 0.0 1.0 6.25
-0.707107 -0.707107 0.0 28.0
1.0 0.0 0.0
1.0
1
1.5
3.0
__PointLight__
0.707107 -0.707107 0.0 12.0
0.0 0.0 1.0 9.0
-0.707107 -0.707107 0.0 28.0
1.0 0.0 0.0
1.0
1
1.5
3.0
__PointLight__
0.707107 -0.707107 0.0 12.0
0.0 0.0 1.0 11.75
-0.707107 -0.707107 0.0 28.0
1.0 0.0 0.0
1.0
1
1.5
3.0
__PointLight__
0.707107 -0.707107 0.0 12.0
0.0 0.0 1.0 6.25
-0.707107 -0.707107 0.0 28.0
1.0 0.0 0.0
1.0
1
1.5
3.0
__PointLight__
0.707107 -0.707107 0.0 10.0
0.0 0.0 1.0 2.5
-0.707107 -0.707107 0.0 20.0
0.494118 0.494118 0.494118
1.0
1
1.5
5.0
__PointLight__
0.707107 -0.707107 0.0 20.0
0.0 0.0 1.0 2.5
-0.707107 -0.707107 0.0 30.0
0.494118 0.494118 0.494118
1.0
1
1.5
5.0
__PointLight__
0.707107 -0.707107 0.0 30.0
0.0 0.0 1.0 2.5
-0.707107 -0.707107 0.0 20.0
0.494118 0.494118 0.494118
1.0
1
1.5
5.0
__PointLight__
0.707107 -0.707107 0.0 20.0
0.0 0.0 1.0 2.5
-0.707107 -0.707107 0.0 10.0
0.494118 0.494118 0.494118
1.0
1
1.5
5.0
__PointLight__
0.707107 -0.707107 0.0 10.5
0.0 0.0 1.0 2.5
-0.707107 -0.707107 0.0 10.5
0.494118 0.494118 0.494118
1.0
1
1.5
5.0
__PointLight__
0.707107 -0.707107 0.0 29.5
0.0 0.0 1.0 2.5
-0.707107 -0.707107 0.0 10.5
0.494118 0.494118 0.494118
1.0
1
1.5
5.0
__PointLight__
0.707107 -0.707107 0.0 29.5
0.0 0.0 1.0 2.5
-0.707107 -0.707107 0.0 29.5
0.494118 0.494118 0.494118
1.0
1
1.5
5.0
__PointLight__
0.707107 -0.707107 0.0 10.5
0.0 0.0 1.0 2.5
-0.707107 -0.707107 0.0 29.5
0.494118 0.494118 0.494118
1.0
1
1.5
5.0
__PointLight__
0.707107 -0.707107 0.0 5.0
0.0 0.0 1.0 2.5
-0.707107 -0.707107 0.0 35.0
0.380392 0.627451 0.368627
1.0
1
1.5
7.0
__PointLight__
0.707107 -0.707107 0.0 35.0
0.0 0.0 1.0 2.5
-0.707107 -0.707107 0.0 35.0
0.380392 0.627451 0.368627
1.0
1
1.5
7.0
__PointLight__
0.707107 -0.707107 0.0 5.0
0.0 0.0 1.0 16.0248
-0.707107 -0.707107 0.0 35.0
0.380392 0.627451 0.368627
1.0
1
1.5
7.0
__PointLight__
0.707107 -0.707107 0.0 10.5
0.0 0.0 1.0 16.0248
-0.707107 -0.707107 0.0 29.5
0.494118 0.494118 0.494118
1.0
1
1.5
5.0
__PointLight__
0.707107 -0.707107 0.0 5.0
0.0 0.0 1.0 2.5
-0.707107 -0.707107 0.0 12.5
0.380392 0.627451 0.368627
1.0
1
1.5
7.0
__PointLight__
0.707107 -0.707107 0.0 5.0
0.0 0.0 1.0 2.5
-0.707107 -0.707107 0.0 20.0
0.380392 0.627451 0.368627
1.0
1
1.5
7.0
__PointLight__
0.707107 -0.707107 0.0 5.0
0.0 0.0 1.0 2.5
-0.707107 -0.707107 0.0 27.5
0.380392 0.627451 0.368627
1.0
1
1.5
7.0
__PointLight__
0.707107 -0.707107 0.0 12.5
0.0 0.0 1.0 2.5
-0.707107 -0.707107 0.0 35.0
0.380392 0.627451 0.368627
1.0
1
1.5
7.0
__PointLight__
0.707107 -0.707107 0.0 20.0
0.0 0.0 1.0 2.5
-0.707107 -0.707107 0.0 35.0
0.380392 0.627451 0.368627
1.0
1
1.5
7.0
__PointLight__
0.707107 -0.707107 0.0 27.5
0.0 0.0 1.0 2.5
-0.707107 -0.707107 0.0 35.0
0.380392 0.627451 0.368627
1.0
1
1.5
7.0
__PointLight__
0.707107 -0.707107 0.0 35.0
0.0 0.0 1.0 2.5
-0.707107 -0.707107 0.0 27.5
0.380392 0.627451 0.368627
1.0
1
1.5
7.0
__PointLight__
0.707107 -0.707107 0.0 35.0
0.0 0.0 1.0 2.5
-0.707107 -0.707107 0.0 20.0
0.380392 0.627451 0.368627
1.0
1
1.5
7.0
__PointLight__
0.707107 -0.707107 0.0 35.0
0.0 0.0 1.0 2.5
-0.707107 -0.707107 0.0 12.5
0.380392 0.627451 0.368627
1.0
1
1.5
7.0
__PointLight__
0.707107 -0.707107 0.0 29.5
0.0 0.0 1.0 16.0248
-0.707107 -0.707107 0.0 29.5
0.494118 0.494118 0.494118
1.0
1
1.5
5.0
__PointLight__
0.707107 -0.707107 0.0 29.5
0.0 0.0 1.0 16.0248
-0.707107 -0.707107 0.0 10.5
0.494118 0.494118 0.494118
1.0
1
1.5
5.0
__PointLight__
0.707107 -0.707107 0.0 10.5
0.0 0.0 1.0 16.0248
-0.707107 -0.707107 0.0 10.5
0.494118 0.494118 0.494118
1.0
1
1.5
5.0
__PointLight__
0.707107 -0.707107 0.0 20.0
0.0 0.0 1.0 16.0248
-0.707107 -0.707107 0.0 10.0
0.494118 0.494118 0.494118
1.0
1
1.5
5.0
__PointLight__
1.0 0.0 0.0 24.5
0.0 0.0 1.0 14.2748
0.0 -1.0 0.0 15.5
1.0 0.611765 0.0
1.0
1
1.5
3.0
__PointLight__
1.0 0.0 0.0 15.5
0.0 0.0 1.0 14.2748
0.0 -1.0 0.0 15.5
1.0 0.611765 0.0
1.0
1
1.5
3.0
__PointLight__
1.0 0.0 0.0 15.5
0.0 0.0 1.0 14.2748
0.0 -1.0 0.0 24.5
1.0 0.611765 0.0
1.0
1
1.5
3.0
__PointLight__
1.0 0.0 0.0 24.5
0.0 0.0 1.0 14.2748
0.0 -1.0 0.0 24.5
1.0 0.611765 0.0
1.0
1
1.5
3.0
__PointLight__
0.707107 -0.707107 0.0 15.5
0.0 0.0 1.0 14.2748
-0.707107 -0.707107 0.0 20.0
1.0 0.611765 0.0
1.0
1
1.5
3.0
__PointLight__
0.707107 -0.707107 0.0 20.0
0.0 0.0 1.0 14.2748
-0.707107 -0.707107 0.0 24.5
1.0 0.611765 0.0
1.0
1
1.5
3.0
__PointLight__
0.707107 -0.707107 0.0 24.5
0.0 0.0 1.0 14.2748
-0.707107 -0.707107 0.0 20.0
1.0 0.611765 0.0
1.0
1
1.5
3.0
__PointLight__
0.707107 -0.707107 0.0 20.0
0.0 0.0 1.0 14.2748
-0.707107 -0.707107 0.0 15.5
1.0 0.611765 0.0
1.0
1
1.5
3.0
__PointLight__
0.707107 -0.707107 0.0 10.0
0.0 0.0 1.0 16.0248
-0.707107 -0.707107 0.0 20.0
0.494118 0.494118 0.494118
1.0
1
1.5
5.0
__PointLight__
0.707107 -0.707107 0.0 20.0
0.0 0.0 1.0 16.0248
-0.707107 -0.707107 0.0 30.0
0.494118 0.494118 0.494118
1.0
1
1.5
5.0
__PointLight__
0.707107 -0.707107 0.0 30.0
0.0 0.0 1.0 16.0248
-0.707107 -0.707107 0.0 20.0
0.494118 0.494118 0.494118
1.0
1
1.5
5.0
__PointLight__
1.0 0.0 0.0 15.5
0.0 0.0 1.0 19.2748
0.0 -1.0 0.0 15.5
1.0 0.611765 0.0
1.0
1
1.5
3.0
__PointLight__
0.707107 -0.707107 0.0 12.5
0.0 0.0 1.0 2.5
-0.707107 -0.707107 0.0 5.0
0.380392 0.627451 0.368627
1.0
1
1.5
7.0
__PointLight__
0.707107 -0.707107 0.0 20.0
0.0 0.0 1.0 2.5
-0.707107 -0.707107 0.0 5.0
0.380392 0.627451 0.368627
1.0
1
1.5
7.0
__PointLight__
0.707107 -0.707107 0.0 27.5
0.0 0.0 1.0 2.5
-0.707107 -0.707107 0.0 5.0
0.380392 0.627451 0.368627
1.0
1
1.5
7.0
__PointLight__
0.707107 -0.707107 0.0 5.0
0.0 0.0 1.0 2.5
-0.707107 -0.707107 0.0 5.0
0.380392 0.627451 0.368627
1.0
1
1.5
7.0
__PointLight__
0.707107 -0.707107 0.0 35.0
0.0 0.0 1.0 2.5
-0.707107 -0.707107 0.0 5.0
0.380392 0.627451 0.368627
1.0
1
1.5
7.0
__PointLight__
1.0 0.0 0.0 20.0
0.0 0.0 1.0 4.47515
0.0 -1.0 0.0 20.0
0.0 0.0 0.294118
1.0
1
3.0
20.0
__PointLight__
0.707107 -0.707107 0.0 35.0
0.0 0.0 1.0 16.0248
-0.707107 -0.707107 0.0 5.0
0.380392 0.627451 0.368627
1.0
1
1.5
7.0
__PointLight__
0.707107 -0.707107 0.0 5.0
0.0 0.0 1.0 16.0248
-0.707107 -0.707107 0.0 5.0
0.380392 0.627451 0.368627
1.0
1
1.5
7.0
SmallSupport
1.0 0.0 0.0 32.5
0.0 1.0 0.0 13.5
0.0 0.0 1.0 1.43051e-006
-0.75 0.0 0.0
0.75 5.0 0.999999
0
1
WallMaterial
SmallSupport
