2670
InnerSanctum
1.0 0.0 0.0 22.515
0.0 1.0 0.0 0.0
0.0 0.0 1.0 22.4727
-7.0 0.0 -7.0
7.0 8.13967 7.0
OuterHall
1.0 0.0 0.0 35.515
0.0 1.0 0.0 0.0
0.0 0.0 1.0 9.47273
2.38419e-007 -2.62268e-007 -1.43051e-006
7.0 6.0 26.0
PointLight
1.0 0.0 0.0 18.015
0.0 1.0 0.0 19.2748
0.0 0.0 1.0 26.9727
1.0 0.611765 0.0
1.0
1.5
3.0
OuterHallCorner
0.0 0.0 -1.0 35.515
0.0 1.0 0.0 0.0
1.0 0.0 0.0 35.4727
-1.58546e-006 0.0 4.76837e-007
7.0 5.0 7.0
PointLight
0.707107 0.0 0.707107 22.515
0.0 1.0 0.0 19.2748
-0.707107 0.0 0.707107 26.9727
1.0 0.611765 0.0
1.0
1.5
3.0
OuterHall
0.0 0.0 -1.0 35.515
0.0 1.0 0.0 0.0
1.0 0.0 0.0 35.4727
-26.0 -2.62268e-007 2.62268e-007
1.51399e-006 6.0 7.0
OuterHall
-1.0 0.0 1.50996e-007 9.51501
0.0 1.0 0.0 0.0
-1.50996e-007 0.0 -1.0 35.4727
-7.0 -2.62268e-007 -26.0
3.44905e-006 6.0 1.43051e-006
PointLight
0.707107 0.0 0.707107 18.015
0.0 1.0 0.0 19.2748
-0.707107 0.0 0.707107 22.4727
1.0 0.611765 0.0
1.0
1.5
3.0
OuterHallCorner
-1.0 0.0 0.0 9.51501
0.0 1.0 0.0 0.0
0.0 0.0 -1.0 35.4727
-7.0 0.0 -1.50198e-006
-4.76837e-007 5.0 7.0
SideRoom
1.0 0.0 0.0 32.015
0.0 1.0 0.0 0.0
0.0 0.0 1.0 12.9727
-4.0 0.0 -3.0
3.0 3.5 4.0
ShaftCover
1.0 0.0 0.0 32.015
0.0 1.0 0.0 0.0
0.0 0.0 1.0 12.9727
-4.0 0.0 -1.0
1.0 0.301307 4.0
Shaft
1.0 0.0 0.0 32.015
0.0 1.0 0.0 13.5
0.0 0.0 1.0 12.9727
-4.0 -10.0 -0.500001
0.5 0.0 4.0
SideRoom
0.0 0.0 -1.0 32.015
0.0 1.0 0.0 0.0
1.0 0.0 0.0 31.9727
-4.0 0.0 -4.0
3.0 3.5 3.0
ShaftCover
0.0 0.0 -1.0 32.015
0.0 1.0 0.0 0.0
1.0 0.0 0.0 31.9727
-4.0 0.0 -4.0
1.0 0.301307 1.0
Shaft
0.0 0.0 -1.0 32.015
0.0 1.0 0.0 13.5
1.0 0.0 0.0 31.9727
-4.0 -10.0 -4.0
0.500002 0.0 0.5
SideRoom
-1.0 0.0 0.0 13.015
0.0 1.0 0.0 0.0
0.0 0.0 -1.0 31.9727
-3.0 0.0 -4.0
4.0 3.5 3.0
ShaftCover
-1.0 0.0 0.0 13.015
0.0 1.0 0.0 0.0
0.0 0.0 -1.0 31.9727
-1.0 0.0 -4.0
4.0 0.301307 1.0
Shaft
-1.0 0.0 0.0 13.015
0.0 1.0 0.0 13.5
0.0 0.0 -1.0 31.9727
-0.5 -10.0 -4.0
4.0 0.0 0.500002
SideRoom
0.0 0.0 1.0 13.015
0.0 1.0 0.0 0.0
-1.0 0.0 0.0 12.9727
-3.0 0.0 -3.0
4.0 3.5 4.0
ShaftCover
0.0 0.0 1.0 13.015
0.0 1.0 0.0 0.0
-1.0 0.0 0.0 12.9727
-1.0 0.0 -1.0
4.0 0.301307 4.0
Shaft
0.0 0.0 1.0 13.015
0.0 1.0 0.0 13.5
-1.0 0.0 0.0 12.9727
-0.500001 -10.0 -0.5
4.0 0.0 4.0
DoorBorderOuter
1.0 0.0 0.0 22.515
0.0 1.0 0.0 0.0
0.0 0.0 1.0 29.4727
-2.75 -2.68221e-007 -0.529785
2.75 3.75 0.0
DoorBorderOuter
1.0 0.0 0.0 22.515
0.0 1.0 0.0 0.0
0.0 0.0 1.0 9.47273
-2.75 -2.68221e-007 -0.529785
2.75 3.75 0.0
DoorBorderOuter
1.0 0.0 0.0 31.515
0.0 1.0 0.0 0.0
0.0 0.0 1.0 9.47273
-2.75 -2.68221e-007 -0.529785
2.75 3.75 0.0
DoorBorderOuter
1.0 0.0 0.0 13.515
0.0 1.0 0.0 0.0
0.0 0.0 1.0 9.47273
-2.75 -2.68221e-007 -0.529785
2.75 3.75 0.0
DoorBorderOuter
0.0 0.0 -1.0 35.515
0.0 1.0 0.0 0.0
1.0 0.0 0.0 13.4727
-1.20206e-007 -2.68221e-007 -2.75
0.529785 3.75 2.75
DoorBorderOuter
0.0 0.0 -1.0 35.515
0.0 1.0 0.0 0.0
1.0 0.0 0.0 22.4727
-1.20206e-007 -2.68221e-007 -2.75
0.529785 3.75 2.75
DoorBorderOuter
0.0 0.0 -1.0 35.515
0.0 1.0 0.0 0.0
1.0 0.0 0.0 31.4727
-1.20206e-007 -2.68221e-007 -2.75
0.529785 3.75 2.75
DoorBorderOuter
-1.0 0.0 0.0 31.515
0.0 1.0 0.0 0.0
0.0 0.0 -1.0 35.4727
-2.75 -2.68221e-007 -2.40413e-007
2.75 3.75 0.529785
DoorBorderOuter
-1.0 0.0 0.0 22.515
0.0 1.0 0.0 0.0
0.0 0.0 -1.0 35.4727
-2.75 -2.68221e-007 -2.40413e-007
2.75 3.75 0.529785
DoorBorderOuter
-1.0 0.0 0.0 13.515
0.0 1.0 0.0 0.0
0.0 0.0 -1.0 35.4727
-2.75 -2.68221e-007 -2.40413e-007
2.75 3.75 0.529785
DoorBorderOuter
0.0 0.0 1.0 9.51501
0.0 1.0 0.0 0.0
-1.0 0.0 0.0 31.4727
-0.529785 -2.68221e-007 -2.75
0.0 3.75 2.75
DoorBorderOuter
0.0 0.0 1.0 9.51501
0.0 1.0 0.0 0.0
-1.0 0.0 0.0 22.4727
-0.529785 -2.68221e-007 -2.75
0.0 3.75 2.75
DoorBorderOuter
0.0 0.0 1.0 9.51501
0.0 1.0 0.0 0.0
-1.0 0.0 0.0 13.4727
-0.529785 -2.68221e-007 -2.75
0.0 3.75 2.75
DoorBorderOuter
0.0 0.0 1.0 29.515
0.0 1.0 0.0 0.0
-1.0 0.0 0.0 22.4727
-0.529785 -2.68221e-007 -2.75
1.20206e-007 3.75 2.75
DoorBorderOuter
-1.0 0.0 0.0 22.515
0.0 1.0 0.0 0.0
0.0 0.0 -1.0 15.4727
-2.75 -2.68221e-007 -2.40413e-007
2.75 3.75 0.529785
DoorBorderOuter
0.0 0.0 -1.0 15.515
0.0 1.0 0.0 0.0
1.0 0.0 0.0 22.4727
0.0 -2.68221e-007 -2.75
0.529785 3.75 2.75
DoorBorderOuter
0.0 0.0 1.0 35.015
0.0 1.0 0.0 0.0
-1.0 0.0 0.0 13.4727
-0.529785 -2.68221e-007 -2.75
0.0 3.75 2.75
DoorBorderOuter
0.0 0.0 1.0 35.015
0.0 1.0 0.0 0.0
-1.0 0.0 0.0 31.4727
-0.529785 -2.68221e-007 -2.75
0.0 3.75 2.75
DoorBorderOuter
1.0 0.0 -1.74846e-007 13.515
0.0 1.0 0.0 0.0
1.74846e-007 0.0 1.0 34.9727
-2.75 -2.68221e-007 -0.529786
2.75 3.75 4.80825e-007
DoorBorderOuter
1.0 0.0 -1.74846e-007 31.515
0.0 1.0 0.0 0.0
1.74846e-007 0.0 1.0 34.9727
-2.75 -2.68221e-007 -0.529786
2.75 3.75 4.80825e-007
DoorBorderOuter
-3.37766e-007 0.0 -1.0 10.015
0.0 1.0 0.0 0.0
1.0 0.0 -3.37766e-007 13.4727
-9.28857e-007 -2.68221e-007 -2.75
0.529786 3.75 2.75
DoorBorderOuter
-3.37766e-007 0.0 -1.0 10.015
0.0 1.0 0.0 0.0
1.0 0.0 -3.37766e-007 31.4727
-9.28857e-007 -2.68221e-007 -2.75
0.529786 3.75 2.75
DoorBorderInner
1.0 0.0 0.0 22.515
0.0 1.0 0.0 0.0
0.0 0.0 1.0 35.4727
-2.75 -2.68221e-007 -0.529785
2.75 3.75 0.0
DoorBorderInner
1.0 0.0 0.0 22.515
0.0 1.0 0.0 0.0
0.0 0.0 1.0 15.4727
-2.75 -2.68221e-007 -0.529785
2.75 3.75 0.0
DoorBorderInner
0.0 0.0 -1.0 29.515
0.0 1.0 0.0 0.0
1.0 0.0 0.0 22.4727
-1.95704e-007 -2.68221e-007 -2.75
0.529785 3.75 2.75
DoorBorderInner
0.0 0.0 -1.0 9.51501
0.0 1.0 0.0 0.0
1.0 0.0 0.0 22.4727
-1.95704e-007 -2.68221e-007 -2.75
0.529785 3.75 2.75
DoorBorderInner
1.94707e-007 0.0 1.0 35.515
0.0 1.0 0.0 0.0
-1.0 0.0 1.94707e-007 22.4727
-0.529786 -2.68221e-007 -2.75
6.10943e-007 3.75 2.75
DoorBorderInner
1.94707e-007 0.0 1.0 15.515
0.0 1.0 0.0 0.0
-1.0 0.0 1.94707e-007 22.4727
-0.529786 -2.68221e-007 -2.75
6.10943e-007 3.75 2.75
DoorBorderInner
-1.0 0.0 1.50996e-007 22.515
0.0 1.0 0.0 0.0
-1.50996e-007 0.0 -1.0 29.4727
-2.75 -2.68221e-007 -4.90736e-007
2.75 3.75 0.529786
DoorBorderInner
-1.0 0.0 1.50996e-007 22.515
0.0 1.0 0.0 0.0
-1.50996e-007 0.0 -1.0 9.47273
-2.75 -2.68221e-007 -4.90736e-007
2.75 3.75 0.529786
DoorBorderArch
1.0 0.0 0.0 13.515
0.0 1.0 0.0 0.0
0.0 0.0 1.0 9.97273
-2.0 -2.38419e-007 -0.529785
2.0 3.0 0.0
DoorBorderOuter
-1.0 0.0 0.0 31.515
0.0 1.0 0.0 0.0
0.0 0.0 -1.0 9.97273
-2.75 -2.68221e-007 -2.40413e-007
2.75 3.75 0.529785
DoorBorderOuter
-1.0 0.0 0.0 13.515
0.0 1.0 0.0 0.0
0.0 0.0 -1.0 9.97273
-2.75 -2.68221e-007 -2.40413e-007
2.75 3.75 0.529785
DoorBorderArch
1.0 0.0 0.0 31.515
0.0 1.0 0.0 0.0
0.0 0.0 1.0 9.97273
-2.0 -2.38419e-007 -0.529785
2.0 3.0 0.0
DoorBorderArch
-1.0 0.0 -1.50996e-007 13.515
0.0 1.0 0.0 0.0
1.50996e-007 0.0 -1.0 34.9727
-2.0 -2.38419e-007 -2.72189e-007
2.0 3.0 0.529786
DoorBorderArch
-1.0 0.0 -1.50996e-007 31.515
0.0 1.0 0.0 0.0
1.50996e-007 0.0 -1.0 34.9727
-2.0 -2.38419e-007 -2.72189e-007
2.0 3.0 0.529786
DoorBorderArch
0.0 0.0 1.0 35.515
0.0 1.0 0.0 0.0
-1.0 0.0 0.0 13.4727
-0.529785 -2.38419e-007 -2.0
0.0 3.0 2.0
DoorBorderArch
0.0 0.0 1.0 35.515
0.0 1.0 0.0 0.0
-1.0 0.0 0.0 31.4727
-0.529785 -2.38419e-007 -2.0
0.0 3.0 2.0
DoorBorderArch
1.39071e-007 0.0 -1.0 9.51501
0.0 1.0 0.0 0.0
1.0 0.0 1.39071e-007 31.4727
-2.4834e-007 -2.38419e-007 -2.0
0.529786 3.0 2.0
DoorBorderArch
1.39071e-007 0.0 -1.0 9.515
0.0 1.0 0.0 0.0
1.0 0.0 1.39071e-007 13.4727
-2.4834e-007 -2.38419e-007 -2.0
0.529786 3.0 2.0
DoorBorderOuter
0.707107 0.0 0.707107 39.765
0.0 1.0 0.0 0.0
-0.707107 0.0 0.707107 39.7227
-2.12132 -2.68221e-007 -2.12132
1.94454 3.75 1.94454
DoorBorderOuter
-0.707107 0.0 0.707107 39.765
0.0 1.0 0.0 0.0
-0.707107 0.0 -0.707107 5.22273
-2.12132 -2.68221e-007 -1.94454
1.94454 3.75 2.12132
DoorBorderOuter
-0.707107 0.0 -0.707107 5.26501
0.0 1.0 0.0 0.0
0.707107 0.0 -0.707107 5.22273
-1.94454 -2.68221e-007 -1.94454
2.12132 3.75 2.12132
DoorBorderOuter
0.707107 0.0 -0.707107 5.26501
0.0 1.0 0.0 0.0
0.707107 0.0 0.707107 39.7227
-1.94454 -2.68221e-007 -2.12132
2.12132 3.75 1.94454
LargeSupport
0.707107 0.0 0.707107 17.265
0.0 1.0 0.0 0.0
-0.707107 0.0 0.707107 17.2227
-0.618718 0.0 -0.618718
2.91682 8.25 2.91682
LargeSupport
-0.707107 0.0 0.707107 17.265
0.0 1.0 0.0 0.0
-0.707107 0.0 -0.707107 27.7227
-0.618718 0.0 -2.91682
2.91682 8.25 0.618718
LargeSupport
-0.707107 0.0 -0.707107 27.765
0.0 1.0 0.0 0.0
0.707107 0.0 -0.707107 27.7227
-2.91682 0.0 -2.91682
0.618718 8.25 0.618718
LargeSupport
0.707107 0.0 -0.707107 27.765
0.0 1.0 0.0 0.0
0.707107 0.0 0.707107 17.2227
-2.91681 0.0 -0.618718
0.618718 8.25 2.91682
Hall
1.0 0.0 -1.74846e-007 22.515
0.0 1.0 0.0 0.0
1.74846e-007 0.0 1.0 12.4727
-2.5 0.0 -3.0
2.5 3.5 3.0
Hall
-1.0 0.0 0.0 22.515
0.0 1.0 0.0 0.0
0.0 0.0 -1.0 32.4727
-2.5 0.0 -3.0
2.5 3.5 3.0
Hall
1.39071e-007 0.0 -1.0 32.515
0.0 1.0 0.0 0.0
1.0 0.0 1.39071e-007 22.4727
-3.0 0.0 -2.5
3.0 3.5 2.5
Hall
-2.90067e-007 0.0 1.0 12.515
0.0 1.0 0.0 0.0
-1.0 0.0 -2.90067e-007 22.4727
-3.0 0.0 -2.5
3.0 3.5 2.5
PointLight
0.707107 0.0 0.707107 27.015
0.0 1.0 0.0 19.2748
-0.707107 0.0 0.707107 22.4727
1.0 0.611765 0.0
1.0
1.5
3.0
PointLight
1.0 0.0 0.0 27.015
0.0 1.0 0.0 19.2748
0.0 0.0 1.0 26.9727
1.0 0.611765 0.0
1.0
1.5
3.0
PointLight
0.707107 0.0 0.707107 37.515
0.0 1.0 0.0 16.0248
-0.707107 0.0 0.707107 14.9727
0.380392 0.627451 0.368627
1.0
1.5
7.0
PointLight
0.707107 0.0 0.707107 37.515
0.0 1.0 0.0 16.0248
-0.707107 0.0 0.707107 22.4727
0.380392 0.627451 0.368627
1.0
1.5
7.0
SmallSupport
1.0 0.0 0.0 27.015
0.0 1.0 0.0 0.0
0.0 0.0 1.0 35.4727
-0.75 0.0 0.0
0.75 5.0 0.999999
SmallSupport
1.0 0.0 0.0 18.015
0.0 1.0 0.0 0.0
0.0 0.0 1.0 35.4727
-0.75 0.0 0.0
0.75 5.0 0.999999
SmallSupport
0.0 0.0 1.0 2.51501
0.0 1.0 0.0 0.0
-1.0 0.0 0.0 26.9727
0.0 0.0 -0.75
0.999999 5.0 0.75
SmallSupport
0.0 0.0 1.0 2.51501
0.0 1.0 0.0 0.0
-1.0 0.0 0.0 17.9727
0.0 0.0 -0.75
0.999999 5.0 0.75
SmallSupport
0.0 0.0 1.0 2.51501
0.0 1.0 0.0 0.0
-1.0 0.0 0.0 34.9727
0.0 0.0 -0.75
0.999999 5.0 0.75
SmallSupport
0.0 0.0 1.0 2.51501
0.0 1.0 0.0 0.0
-1.0 0.0 0.0 9.97273
0.0 0.0 -0.75
0.999999 5.0 0.75
SmallSupport
-1.0 0.0 0.0 27.015
0.0 1.0 0.0 0.0
0.0 0.0 -1.0 42.4727
-0.75 0.0 -0.999999
0.75 5.0 0.0
SmallSupport
-1.0 0.0 0.0 18.015
0.0 1.0 0.0 0.0
0.0 0.0 -1.0 42.4727
-0.75 0.0 -0.999999
0.75 5.0 0.0
SmallSupport
-1.0 0.0 0.0 27.015
0.0 1.0 0.0 0.0
0.0 0.0 -1.0 9.47273
-0.75 0.0 -0.999999
0.75 5.0 0.0
SmallSupport
-1.0 0.0 0.0 18.015
0.0 1.0 0.0 0.0
0.0 0.0 -1.0 9.47273
-0.75 0.0 -0.999999
0.75 5.0 0.0
SmallSupport
-1.0 0.0 0.0 35.015
0.0 1.0 0.0 0.0
0.0 0.0 -1.0 42.4727
-0.75 0.0 -0.999999
0.75 5.0 0.0
SmallSupport
-1.0 0.0 0.0 10.015
0.0 1.0 0.0 0.0
0.0 0.0 -1.0 42.4727
-0.75 0.0 -0.999999
0.75 5.0 0.0
SmallSupport
0.0 0.0 -1.0 42.515
0.0 1.0 0.0 0.0
1.0 0.0 0.0 17.9727
-0.999999 0.0 -0.75
0.0 5.0 0.75
SmallSupport
0.0 0.0 -1.0 42.515
0.0 1.0 0.0 0.0
1.0 0.0 0.0 26.9727
-0.999999 0.0 -0.75
0.0 5.0 0.75
SmallSupport
0.0 0.0 -1.0 9.51501
0.0 1.0 0.0 0.0
1.0 0.0 0.0 17.9727
-0.999999 0.0 -0.75
0.0 5.0 0.75
SmallSupport
0.0 0.0 -1.0 9.51501
0.0 1.0 0.0 0.0
1.0 0.0 0.0 26.9727
-0.999999 0.0 -0.75
0.0 5.0 0.75
SmallSupport
0.0 0.0 -1.0 42.515
0.0 1.0 0.0 0.0
1.0 0.0 0.0 9.97273
-0.999999 0.0 -0.75
0.0 5.0 0.75
SmallSupport
0.0 0.0 -1.0 42.515
0.0 1.0 0.0 0.0
1.0 0.0 0.0 34.9727
-0.999999 0.0 -0.75
0.0 5.0 0.75
Beam
1.0 0.0 0.0 11.265
0.0 1.0 0.0 3.75
0.0 0.0 1.0 22.4727
-0.5 -1.342 -2.5
0.5 0.0 2.5
Beam
1.0 0.0 0.0 13.765
0.0 1.0 0.0 3.75
0.0 0.0 1.0 22.4727
-0.5 -1.342 -2.5
0.5 0.0 2.5
Beam
0.608127 0.0 -0.707107 19.515
0.0 1.0 0.0 8.25
0.608127 0.0 0.707107 25.4727
-2.07183 -1.342 -2.07183
2.07183 0.0 2.07183
Beam
0.0 1.0 0.0 17.765
-1.0 0.0 0.0 6.25
0.0 0.0 1.0 31.4727
-1.342 -0.5 -2.5
0.0 0.5 2.5
Beam
0.0 1.0 0.0 17.765
-1.0 0.0 0.0 9.0
0.0 0.0 1.0 31.4727
-1.342 -0.5 -2.5
0.0 0.5 2.5
Beam
0.0 1.0 0.0 17.765
-1.0 0.0 0.0 11.75
0.0 0.0 1.0 31.4727
-1.342 -0.5 -2.5
0.0 0.5 2.5
Beam
0.0 0.0 1.0 13.515
-1.0 0.0 0.0 6.25
0.0 -1.0 0.0 27.2227
-2.5 -0.5 0.0
2.5 0.5 1.342
Beam
0.0 0.0 1.0 13.515
-1.0 0.0 0.0 9.0
0.0 -1.0 0.0 27.2227
-2.5 -0.5 0.0
2.5 0.5 1.342
Beam
0.0 0.0 1.0 13.515
-1.0 0.0 0.0 11.75
0.0 -1.0 0.0 27.2227
-2.5 -0.5 0.0
2.5 0.5 1.342
Beam
0.0 0.0 1.0 31.515
-1.0 0.0 0.0 9.0
0.0 -1.0 0.0 27.2227
-2.5 -0.5 0.0
2.5 0.5 1.342
Beam
0.0 -1.0 0.0 27.265
-1.0 0.0 0.0 9.0
0.0 0.0 -1.0 31.4727
-2.40413e-007 -0.5 -2.5
1.342 0.5 2.5
Beam
0.608127 0.0 0.707107 25.515
0.0 1.0 0.0 8.25
-0.608127 0.0 0.707107 25.4727
-2.07183 -1.342 -2.07183
2.07183 0.0 2.07183
Beam
0.0 0.0 1.0 31.515
-1.0 0.0 0.0 6.25
0.0 -1.0 0.0 27.2227
-2.5 -0.5 0.0
2.5 0.5 1.342
Beam
0.0 -1.0 0.0 27.265
-1.0 0.0 0.0 11.75
0.0 0.0 -1.0 31.4727
-2.40413e-007 -0.5 -2.5
1.342 0.5 2.5
Beam
0.0 0.0 1.0 31.515
-1.0 0.0 0.0 11.75
0.0 -1.0 0.0 27.2227
-2.5 -0.5 0.0
2.5 0.5 1.342
Beam
0.0 -1.0 0.0 27.265
-1.0 0.0 0.0 6.25
0.0 0.0 -1.0 31.4727
-2.40413e-007 -0.5 -2.5
1.342 0.5 2.5
Beam
0.0 0.0 1.0 22.515
0.0 1.0 0.0 3.75
-1.0 0.0 0.0 33.7227
-2.5 -1.342 -0.5
2.5 0.0 0.5
Beam
0.0 0.0 1.0 22.515
0.0 1.0 0.0 3.75
-1.0 0.0 0.0 31.2227
-2.5 -1.342 -0.5
2.5 0.0 0.5
Beam
0.0 -1.0 0.0 27.265
-1.0 0.0 0.0 9.0
0.0 0.0 -1.0 13.4727
-2.40413e-007 -0.5 -2.5
1.342 0.5 2.5
Beam
0.0 0.0 -1.0 31.515
-1.0 0.0 0.0 9.0
0.0 1.0 0.0 17.7227
-2.5 -0.5 -1.342
2.5 0.5 0.0
Beam
-0.608127 0.0 0.707107 25.515
0.0 1.0 0.0 8.25
-0.608127 0.0 -0.707107 19.4727
-2.07183 -1.342 -2.07183
2.07183 0.0 2.07183
Beam
0.0 -1.0 0.0 27.265
-1.0 0.0 0.0 6.25
0.0 0.0 -1.0 13.4727
-2.40413e-007 -0.5 -2.5
1.342 0.5 2.5
Beam
0.0 0.0 -1.0 31.515
-1.0 0.0 0.0 11.75
0.0 1.0 0.0 17.7227
-2.5 -0.5 -1.342
2.5 0.5 0.0
Beam
0.0 -1.0 0.0 27.265
-1.0 0.0 0.0 11.75
0.0 0.0 -1.0 13.4727
-2.40413e-007 -0.5 -2.5
1.342 0.5 2.5
Beam
0.0 0.0 -1.0 31.515
-1.0 0.0 0.0 6.25
0.0 1.0 0.0 17.7227
-2.5 -0.5 -1.342
2.5 0.5 0.0
Beam
-1.0 0.0 0.0 33.765
0.0 1.0 0.0 3.75
0.0 0.0 -1.0 22.4727
-0.5 -1.342 -2.5
0.5 0.0 2.5
Beam
-1.0 0.0 0.0 31.265
0.0 1.0 0.0 3.75
0.0 0.0 -1.0 22.4727
-0.5 -1.342 -2.5
0.5 0.0 2.5
Beam
0.0 0.0 -1.0 13.515
-1.0 0.0 0.0 9.0
0.0 1.0 0.0 17.7227
-2.5 -0.5 -1.342
2.5 0.5 0.0
Beam
0.0 1.0 1.74846e-007 17.765
-1.0 0.0 0.0 9.0
0.0 -1.74846e-007 1.0 13.4727
-1.342 -0.5 -2.5
4.5897e-007 0.5 2.5
Beam
-0.608127 0.0 -0.707107 19.515
0.0 1.0 0.0 8.25
0.608127 0.0 -0.707107 19.4727
-2.07183 -1.342 -2.07183
2.07183 0.0 2.07183
Beam
0.0 0.0 -1.0 13.515
-1.0 0.0 0.0 6.25
0.0 1.0 0.0 17.7227
-2.5 -0.5 -1.342
2.5 0.5 0.0
Beam
0.0 1.0 1.74846e-007 17.765
-1.0 0.0 0.0 11.75
0.0 -1.74846e-007 1.0 13.4727
-1.342 -0.5 -2.5
4.5897e-007 0.5 2.5
Beam
0.0 0.0 -1.0 13.515
-1.0 0.0 0.0 11.75
0.0 1.0 0.0 17.7227
-2.5 -0.5 -1.342
2.5 0.5 0.0
Beam
0.0 1.0 1.74846e-007 17.765
-1.0 0.0 0.0 6.25
0.0 -1.74846e-007 1.0 13.4727
-1.342 -0.5 -2.5
4.5897e-007 0.5 2.5
Beam
0.0 0.0 -1.0 22.515
0.0 1.0 0.0 3.75
1.0 0.0 0.0 11.2227
-2.5 -1.342 -0.5
2.5 0.0 0.5
Beam
0.0 0.0 -1.0 22.515
0.0 1.0 0.0 3.75
1.0 0.0 0.0 13.7227
-2.5 -1.342 -0.5
2.5 0.0 0.5
SmallSupport
1.39071e-007 0.0 1.0 35.515
0.0 1.0 0.0 0.0
-1.0 0.0 1.39071e-007 17.9727
0.0 0.0 -0.75
0.999999 5.0 0.75
SmallSupport
1.39071e-007 0.0 1.0 35.515
0.0 1.0 0.0 0.0
-1.0 0.0 1.39071e-007 26.9727
0.0 0.0 -0.75
0.999999 5.0 0.75
InnerSanctum
1.0 0.0 0.0 22.515
0.0 1.0 0.0 13.5
0.0 0.0 1.0 22.4727
-7.0 0.0 -7.0
7.0 8.13967 7.0
OuterHall
1.0 0.0 0.0 35.515
0.0 1.0 0.0 13.5
0.0 0.0 1.0 9.47273
2.38419e-007 -2.62268e-007 -1.43051e-006
7.0 6.0 26.0
PointLight
0.707107 0.0 0.707107 37.515
0.0 1.0 0.0 16.0248
-0.707107 0.0 0.707107 29.9727
0.380392 0.627451 0.368627
1.0
1.5
7.0
OuterHallCorner
0.0 0.0 -1.0 35.515
0.0 1.0 0.0 13.5
1.0 0.0 0.0 35.4727
-1.58546e-006 0.0 4.76837e-007
7.0 5.0 7.0
PointLight
0.707107 0.0 0.707107 30.015
0.0 1.0 0.0 16.0248
-0.707107 0.0 0.707107 37.4727
0.380392 0.627451 0.368627
1.0
1.5
7.0
OuterHall
0.0 0.0 -1.0 35.515
0.0 1.0 0.0 13.5
1.0 0.0 0.0 35.4727
-26.0 -2.62268e-007 2.62268e-007
1.51399e-006 6.0 7.0
OuterHall
-1.0 0.0 1.50996e-007 9.51501
0.0 1.0 0.0 13.5
-1.50996e-007 0.0 -1.0 35.4727
-7.0 -2.62268e-007 -26.0
3.44905e-006 6.0 1.43051e-006
PointLight
0.707107 0.0 0.707107 22.515
0.0 1.0 0.0 16.0248
-0.707107 0.0 0.707107 37.4727
0.380392 0.627451 0.368627
1.0
1.5
7.0
OuterHallCorner
-1.0 0.0 0.0 9.51501
0.0 1.0 0.0 13.5
0.0 0.0 -1.0 35.4727
-7.0 0.0 -1.50198e-006
-4.76837e-007 5.0 7.0
SideRoom
1.0 0.0 0.0 32.015
0.0 1.0 0.0 13.5
0.0 0.0 1.0 12.9727
-4.0 0.0 -3.0
3.0 3.5 4.0
ShaftCover
-1.0 -1.50996e-007 0.0 13.015
1.50996e-007 -1.0 0.0 17.0
0.0 0.0 1.0 12.9727
-1.0 -0.301308 -1.0
4.0 1.50996e-007 4.0
SideRoom
0.0 0.0 -1.0 32.015
0.0 1.0 0.0 13.5
1.0 0.0 0.0 31.9727
-4.0 0.0 -4.0
3.0 3.5 3.0
ShaftCover
0.0 -1.50996e-007 1.0 13.015
0.0 -1.0 -1.50996e-007 17.0
1.0 0.0 0.0 31.9727
-1.0 -0.301308 -4.0
4.0 1.50996e-007 1.0
SideRoom
-1.0 0.0 0.0 13.015
0.0 1.0 0.0 13.5
0.0 0.0 -1.0 31.9727
-3.0 0.0 -4.0
4.0 3.5 3.0
ShaftCover
1.0 -1.50996e-007 0.0 32.015
-1.50996e-007 -1.0 0.0 17.0
0.0 0.0 -1.0 31.9727
-4.0 -0.301307 -4.0
1.0 6.03983e-007 1.0
SideRoom
0.0 0.0 1.0 13.015
0.0 1.0 0.0 13.5
-1.0 0.0 0.0 12.9727
-3.0 0.0 -3.0
4.0 3.5 4.0
ShaftCover
0.0 -1.50996e-007 -1.0 32.015
0.0 -1.0 1.50996e-007 17.0
-1.0 0.0 0.0 12.9727
-4.0 -0.301307 -1.0
1.0 6.03983e-007 4.0
DoorBorderOuter
1.0 0.0 0.0 22.515
0.0 1.0 0.0 13.5
0.0 0.0 1.0 29.4727
-2.75 -2.68221e-007 -0.529785
2.75 3.75 0.0
DoorBorderOuter
1.0 0.0 0.0 22.515
0.0 1.0 0.0 13.5
0.0 0.0 1.0 9.47273
-2.75 -2.68221e-007 -0.529785
2.75 3.75 0.0
DoorBorderOuter
1.0 0.0 0.0 31.515
0.0 1.0 0.0 13.5
0.0 0.0 1.0 9.47273
-2.75 -2.68221e-007 -0.529785
2.75 3.75 0.0
DoorBorderOuter
1.0 0.0 0.0 13.515
0.0 1.0 0.0 13.5
0.0 0.0 1.0 9.47273
-2.75 -2.68221e-007 -0.529785
2.75 3.75 0.0
DoorBorderOuter
0.0 0.0 -1.0 35.515
0.0 1.0 0.0 13.5
1.0 0.0 0.0 13.4727
-1.20206e-007 -2.68221e-007 -2.75
0.529785 3.75 2.75
DoorBorderOuter
0.0 0.0 -1.0 35.515
0.0 1.0 0.0 13.5
1.0 0.0 0.0 22.4727
-1.20206e-007 -2.68221e-007 -2.75
0.529785 3.75 2.75
DoorBorderOuter
0.0 0.0 -1.0 35.515
0.0 1.0 0.0 13.5
1.0 0.0 0.0 31.4727
-1.20206e-007 -2.68221e-007 -2.75
0.529785 3.75 2.75
DoorBorderOuter
-1.0 0.0 0.0 31.515
0.0 1.0 0.0 13.5
0.0 0.0 -1.0 35.4727
-2.75 -2.68221e-007 -2.40413e-007
2.75 3.75 0.529785
DoorBorderOuter
-1.0 0.0 0.0 22.515
0.0 1.0 0.0 13.5
0.0 0.0 -1.0 35.4727
-2.75 -2.68221e-007 -2.40413e-007
2.75 3.75 0.529785
DoorBorderOuter
-1.0 0.0 0.0 13.515
0.0 1.0 0.0 13.5
0.0 0.0 -1.0 35.4727
-2.75 -2.68221e-007 -2.40413e-007
2.75 3.75 0.529785
DoorBorderOuter
0.0 0.0 1.0 9.51501
0.0 1.0 0.0 13.5
-1.0 0.0 0.0 31.4727
-0.529785 -2.68221e-007 -2.75
0.0 3.75 2.75
DoorBorderOuter
0.0 0.0 1.0 9.51501
0.0 1.0 0.0 13.5
-1.0 0.0 0.0 22.4727
-0.529785 -2.68221e-007 -2.75
0.0 3.75 2.75
DoorBorderOuter
0.0 0.0 1.0 9.51501
0.0 1.0 0.0 13.5
-1.0 0.0 0.0 13.4727
-0.529785 -2.68221e-007 -2.75
0.0 3.75 2.75
DoorBorderOuter
0.0 0.0 1.0 29.515
0.0 1.0 0.0 13.5
-1.0 0.0 0.0 22.4727
-0.529785 -2.68221e-007 -2.75
1.20206e-007 3.75 2.75
DoorBorderOuter
-1.0 0.0 0.0 22.515
0.0 1.0 0.0 13.5
0.0 0.0 -1.0 15.4727
-2.75 -2.68221e-007 -2.40413e-007
2.75 3.75 0.529785
DoorBorderOuter
0.0 0.0 -1.0 15.515
0.0 1.0 0.0 13.5
1.0 0.0 0.0 22.4727
0.0 -2.68221e-007 -2.75
0.529785 3.75 2.75
DoorBorderOuter
0.0 0.0 1.0 35.015
0.0 1.0 0.0 13.5
-1.0 0.0 0.0 13.4727
-0.529785 -2.68221e-007 -2.75
0.0 3.75 2.75
DoorBorderOuter
0.0 0.0 1.0 35.015
0.0 1.0 0.0 13.5
-1.0 0.0 0.0 31.4727
-0.529785 -2.68221e-007 -2.75
0.0 3.75 2.75
DoorBorderOuter
1.0 0.0 -1.74846e-007 13.515
0.0 1.0 0.0 13.5
1.74846e-007 0.0 1.0 34.9727
-2.75 -2.68221e-007 -0.529786
2.75 3.75 4.80825e-007
DoorBorderOuter
1.0 0.0 -1.74846e-007 31.515
0.0 1.0 0.0 13.5
1.74846e-007 0.0 1.0 34.9727
-2.75 -2.68221e-007 -0.529786
2.75 3.75 4.80825e-007
DoorBorderOuter
-3.37766e-007 0.0 -1.0 10.015
0.0 1.0 0.0 13.5
1.0 0.0 -3.37766e-007 13.4727
-9.28857e-007 -2.68221e-007 -2.75
0.529786 3.75 2.75
DoorBorderOuter
-3.37766e-007 0.0 -1.0 10.015
0.0 1.0 0.0 13.5
1.0 0.0 -3.37766e-007 31.4727
-9.28857e-007 -2.68221e-007 -2.75
0.529786 3.75 2.75
DoorBorderInner
1.0 0.0 0.0 22.515
0.0 1.0 0.0 13.5
0.0 0.0 1.0 35.4727
-2.75 -2.68221e-007 -0.529785
2.75 3.75 0.0
DoorBorderInner
1.0 0.0 0.0 22.515
0.0 1.0 0.0 13.5
0.0 0.0 1.0 15.4727
-2.75 -2.68221e-007 -0.529785
2.75 3.75 0.0
DoorBorderInner
0.0 0.0 -1.0 29.515
0.0 1.0 0.0 13.5
1.0 0.0 0.0 22.4727
-1.95704e-007 -2.68221e-007 -2.75
0.529785 3.75 2.75
DoorBorderInner
0.0 0.0 -1.0 9.51501
0.0 1.0 0.0 13.5
1.0 0.0 0.0 22.4727
-1.95704e-007 -2.68221e-007 -2.75
0.529785 3.75 2.75
DoorBorderInner
1.94707e-007 0.0 1.0 35.515
0.0 1.0 0.0 13.5
-1.0 0.0 1.94707e-007 22.4727
-0.529786 -2.68221e-007 -2.75
6.10943e-007 3.75 2.75
DoorBorderInner
1.94707e-007 0.0 1.0 15.515
0.0 1.0 0.0 13.5
-1.0 0.0 1.94707e-007 22.4727
-0.529786 -2.68221e-007 -2.75
6.10943e-007 3.75 2.75
DoorBorderInner
-1.0 0.0 1.50996e-007 22.515
0.0 1.0 0.0 13.5
-1.50996e-007 0.0 -1.0 29.4727
-2.75 -2.68221e-007 -4.90736e-007
2.75 3.75 0.529786
DoorBorderInner
-1.0 0.0 1.50996e-007 22.515
0.0 1.0 0.0 13.5
-1.50996e-007 0.0 -1.0 9.47273
-2.75 -2.68221e-007 -4.90736e-007
2.75 3.75 0.529786
DoorBorderArch
1.0 0.0 0.0 13.515
0.0 1.0 0.0 13.5
0.0 0.0 1.0 9.97273
-2.0 -2.38419e-007 -0.529785
2.0 3.0 0.0
DoorBorderOuter
-1.0 0.0 0.0 31.515
0.0 1.0 0.0 13.5
0.0 0.0 -1.0 9.97273
-2.75 -2.68221e-007 -2.40413e-007
2.75 3.75 0.529785
DoorBorderOuter
-1.0 0.0 0.0 13.515
0.0 1.0 0.0 13.5
0.0 0.0 -1.0 9.97273
-2.75 -2.68221e-007 -2.40413e-007
2.75 3.75 0.529785
DoorBorderArch
1.0 0.0 0.0 31.515
0.0 1.0 0.0 13.5
0.0 0.0 1.0 9.97273
-2.0 -2.38419e-007 -0.529785
2.0 3.0 0.0
DoorBorderArch
-1.0 0.0 -1.50996e-007 13.515
0.0 1.0 0.0 13.5
1.50996e-007 0.0 -1.0 34.9727
-2.0 -2.38419e-007 -2.72189e-007
2.0 3.0 0.529786
DoorBorderArch
-1.0 0.0 -1.50996e-007 31.515
0.0 1.0 0.0 13.5
1.50996e-007 0.0 -1.0 34.9727
-2.0 -2.38419e-007 -2.72189e-007
2.0 3.0 0.529786
DoorBorderArch
0.0 0.0 1.0 35.515
0.0 1.0 0.0 13.5
-1.0 0.0 0.0 13.4727
-0.529785 -2.38419e-007 -2.0
0.0 3.0 2.0
DoorBorderArch
0.0 0.0 1.0 35.515
0.0 1.0 0.0 13.5
-1.0 0.0 0.0 31.4727
-0.529785 -2.38419e-007 -2.0
0.0 3.0 2.0
DoorBorderArch
1.39071e-007 0.0 -1.0 9.51501
0.0 1.0 0.0 13.5
1.0 0.0 1.39071e-007 31.4727
-2.4834e-007 -2.38419e-007 -2.0
0.529786 3.0 2.0
DoorBorderArch
1.39071e-007 0.0 -1.0 9.515
0.0 1.0 0.0 13.5
1.0 0.0 1.39071e-007 13.4727
-2.4834e-007 -2.38419e-007 -2.0
0.529786 3.0 2.0
DoorBorderOuter
0.707107 0.0 0.707107 39.765
0.0 1.0 0.0 13.5
-0.707107 0.0 0.707107 39.7227
-2.12132 -2.68221e-007 -2.12132
1.94454 3.75 1.94454
DoorBorderOuter
-0.707107 0.0 0.707107 39.765
0.0 1.0 0.0 13.5
-0.707107 0.0 -0.707107 5.22273
-2.12132 -2.68221e-007 -1.94454
1.94454 3.75 2.12132
DoorBorderOuter
-0.707107 0.0 -0.707107 5.26501
0.0 1.0 0.0 13.5
0.707107 0.0 -0.707107 5.22273
-1.94454 -2.68221e-007 -1.94454
2.12132 3.75 2.12132
DoorBorderOuter
0.707107 0.0 -0.707107 5.26501
0.0 1.0 0.0 13.5
0.707107 0.0 0.707107 39.7227
-1.94454 -2.68221e-007 -2.12132
2.12132 3.75 1.94454
LargeSupport
0.707107 0.0 0.707107 17.265
0.0 1.0 0.0 13.5
-0.707107 0.0 0.707107 17.2227
-0.618718 0.0 -0.618718
2.91682 8.25 2.91682
LargeSupport
-0.707107 0.0 0.707107 17.265
0.0 1.0 0.0 13.5
-0.707107 0.0 -0.707107 27.7227
-0.618718 0.0 -2.91682
2.91682 8.25 0.618718
LargeSupport
-0.707107 0.0 -0.707107 27.765
0.0 1.0 0.0 13.5
0.707107 0.0 -0.707107 27.7227
-2.91682 0.0 -2.91682
0.618718 8.25 0.618718
LargeSupport
0.707107 0.0 -0.707107 27.765
0.0 1.0 0.0 13.5
0.707107 0.0 0.707107 17.2227
-2.91681 0.0 -0.618718
0.618718 8.25 2.91682
Hall
1.0 0.0 -1.74846e-007 22.515
0.0 1.0 0.0 13.5
1.74846e-007 0.0 1.0 12.4727
-2.5 0.0 -3.0
2.5 3.5 3.0
Hall
-1.0 0.0 0.0 22.515
0.0 1.0 0.0 13.5
0.0 0.0 -1.0 32.4727
-2.5 0.0 -3.0
2.5 3.5 3.0
Hall
1.39071e-007 0.0 -1.0 32.515
0.0 1.0 0.0 13.5
1.0 0.0 1.39071e-007 22.4727
-3.0 0.0 -2.5
3.0 3.5 2.5
Hall
-2.90067e-007 0.0 1.0 12.515
0.0 1.0 0.0 13.5
-1.0 0.0 -2.90067e-007 22.4727
-3.0 0.0 -2.5
3.0 3.5 2.5
PointLight
0.707107 0.0 0.707107 15.015
0.0 1.0 0.0 16.0248
-0.707107 0.0 0.707107 37.4727
0.380392 0.627451 0.368627
1.0
1.5
7.0
PointLight
0.707107 0.0 0.707107 7.51501
0.0 1.0 0.0 16.0248
-0.707107 0.0 0.707107 29.9727
0.380392 0.627451 0.368627
1.0
1.5
7.0
PointLight
0.707107 0.0 0.707107 7.51501
0.0 1.0 0.0 16.0248
-0.707107 0.0 0.707107 22.4727
0.380392 0.627451 0.368627
1.0
1.5
7.0
PointLight
0.707107 0.0 0.707107 7.51501
0.0 1.0 0.0 16.0248
-0.707107 0.0 0.707107 14.9727
0.380392 0.627451 0.368627
1.0
1.5
7.0
SmallSupport
1.0 0.0 0.0 27.015
0.0 1.0 0.0 13.5
0.0 0.0 1.0 35.4727
-0.75 0.0 0.0
0.75 5.0 0.999999
SmallSupport
1.0 0.0 0.0 18.015
0.0 1.0 0.0 13.5
0.0 0.0 1.0 35.4727
-0.75 0.0 0.0
0.75 5.0 0.999999
SmallSupport
0.0 0.0 1.0 2.51501
0.0 1.0 0.0 13.5
-1.0 0.0 0.0 26.9727
0.0 0.0 -0.75
0.999999 5.0 0.75
SmallSupport
0.0 0.0 1.0 2.51501
0.0 1.0 0.0 13.5
-1.0 0.0 0.0 17.9727
0.0 0.0 -0.75
0.999999 5.0 0.75
SmallSupport
0.0 0.0 1.0 2.51501
0.0 1.0 0.0 13.5
-1.0 0.0 0.0 34.9727
0.0 0.0 -0.75
0.999999 5.0 0.75
SmallSupport
0.0 0.0 1.0 2.51501
0.0 1.0 0.0 13.5
-1.0 0.0 0.0 9.97273
0.0 0.0 -0.75
0.999999 5.0 0.75
SmallSupport
-1.0 0.0 0.0 27.015
0.0 1.0 0.0 13.5
0.0 0.0 -1.0 42.4727
-0.75 0.0 -0.999999
0.75 5.0 0.0
SmallSupport
-1.0 0.0 0.0 18.015
0.0 1.0 0.0 13.5
0.0 0.0 -1.0 42.4727
-0.75 0.0 -0.999999
0.75 5.0 0.0
SmallSupport
-1.0 0.0 0.0 27.015
0.0 1.0 0.0 13.5
0.0 0.0 -1.0 9.47273
-0.75 0.0 -0.999999
0.75 5.0 0.0
SmallSupport
-1.0 0.0 0.0 18.015
0.0 1.0 0.0 13.5
0.0 0.0 -1.0 9.47273
-0.75 0.0 -0.999999
0.75 5.0 0.0
SmallSupport
-1.0 0.0 0.0 35.015
0.0 1.0 0.0 13.5
0.0 0.0 -1.0 42.4727
-0.75 0.0 -0.999999
0.75 5.0 0.0
SmallSupport
-1.0 0.0 0.0 10.015
0.0 1.0 0.0 13.5
0.0 0.0 -1.0 42.4727
-0.75 0.0 -0.999999
0.75 5.0 0.0
SmallSupport
0.0 0.0 -1.0 42.515
0.0 1.0 0.0 13.5
1.0 0.0 0.0 17.9727
-0.999999 0.0 -0.75
0.0 5.0 0.75
SmallSupport
0.0 0.0 -1.0 42.515
0.0 1.0 0.0 13.5
1.0 0.0 0.0 26.9727
-0.999999 0.0 -0.75
0.0 5.0 0.75
SmallSupport
0.0 0.0 -1.0 9.51501
0.0 1.0 0.0 13.5
1.0 0.0 0.0 17.9727
-0.999999 0.0 -0.75
0.0 5.0 0.75
SmallSupport
0.0 0.0 -1.0 9.51501
0.0 1.0 0.0 13.5
1.0 0.0 0.0 26.9727
-0.999999 0.0 -0.75
0.0 5.0 0.75
SmallSupport
0.0 0.0 -1.0 42.515
0.0 1.0 0.0 13.5
1.0 0.0 0.0 9.97273
-0.999999 0.0 -0.75
0.0 5.0 0.75
SmallSupport
0.0 0.0 -1.0 42.515
0.0 1.0 0.0 13.5
1.0 0.0 0.0 34.9727
-0.999999 0.0 -0.75
0.0 5.0 0.75
Beam
1.0 0.0 0.0 11.265
0.0 1.0 0.0 17.25
0.0 0.0 1.0 22.4727
-0.5 -1.342 -2.5
0.5 0.0 2.5
Beam
1.0 0.0 0.0 13.765
0.0 1.0 0.0 17.25
0.0 0.0 1.0 22.4727
-0.5 -1.342 -2.5
0.5 0.0 2.5
Beam
0.608127 0.0 -0.707107 19.515
0.0 1.0 0.0 21.75
0.608127 0.0 0.707107 25.4727
-2.07183 -1.342 -2.07183
2.07183 0.0 2.07183
Beam
0.608127 0.0 0.707107 25.515
0.0 1.0 0.0 21.75
-0.608127 0.0 0.707107 25.4727
-2.07183 -1.342 -2.07183
2.07183 0.0 2.07183
Beam
0.0 0.0 1.0 22.515
0.0 1.0 0.0 17.25
-1.0 0.0 0.0 33.7227
-2.5 -1.342 -0.5
2.5 0.0 0.5
Beam
0.0 0.0 1.0 22.515
0.0 1.0 0.0 17.25
-1.0 0.0 0.0 31.2227
-2.5 -1.342 -0.5
2.5 0.0 0.5
Beam
-0.608127 0.0 0.707107 25.515
0.0 1.0 0.0 21.75
-0.608127 0.0 -0.707107 19.4727
-2.07183 -1.342 -2.07183
2.07183 0.0 2.07183
Beam
-1.0 0.0 0.0 33.765
0.0 1.0 0.0 17.25
0.0 0.0 -1.0 22.4727
-0.5 -1.342 -2.5
0.5 0.0 2.5
Beam
-1.0 0.0 0.0 31.265
0.0 1.0 0.0 17.25
0.0 0.0 -1.0 22.4727
-0.5 -1.342 -2.5
0.5 0.0 2.5
Beam
-0.608127 0.0 -0.707107 19.515
0.0 1.0 0.0 21.75
0.608127 0.0 -0.707107 19.4727
-2.07183 -1.342 -2.07183
2.07183 0.0 2.07183
Beam
0.0 0.0 -1.0 22.515
0.0 1.0 0.0 17.25
1.0 0.0 0.0 11.2227
-2.5 -1.342 -0.5
2.5 0.0 0.5
Beam
0.0 0.0 -1.0 22.515
0.0 1.0 0.0 17.25
1.0 0.0 0.0 13.7227
-2.5 -1.342 -0.5
2.5 0.0 0.5
SmallSupport
1.39071e-007 0.0 1.0 35.515
0.0 1.0 0.0 13.5
-1.0 0.0 1.39071e-007 17.9727
0.0 0.0 -0.75
0.999999 5.0 0.75
SmallSupport
1.39071e-007 0.0 1.0 35.515
0.0 1.0 0.0 13.5
-1.0 0.0 1.39071e-007 26.9727
0.0 0.0 -0.75
0.999999 5.0 0.75
PointLight
0.707107 0.0 0.707107 37.515
0.0 1.0 0.0 16.0248
-0.707107 0.0 0.707107 37.4727
0.380392 0.627451 0.368627
1.0
1.5
7.0
PointLight
1.0 0.0 0.0 27.015
0.0 1.0 0.0 0.75
0.0 0.0 1.0 17.9727
1.0 0.611765 0.0
1.0
1.5
3.0
PointLight
1.0 0.0 0.0 18.015
0.0 1.0 0.0 0.75
0.0 0.0 1.0 17.9727
1.0 0.611765 0.0
1.0
1.5
3.0
PointLight
1.0 0.0 0.0 18.015
0.0 1.0 0.0 0.75
0.0 0.0 1.0 26.9727
1.0 0.611765 0.0
1.0
1.5
3.0
PointLight
1.0 0.0 0.0 27.015
0.0 1.0 0.0 0.75
0.0 0.0 1.0 26.9727
1.0 0.611765 0.0
1.0
1.5
3.0
PointLight
1.0 0.0 0.0 18.015
0.0 1.0 0.0 5.75
0.0 0.0 1.0 26.9727
1.0 0.611765 0.0
1.0
1.5
3.0
PointLight
1.0 0.0 0.0 27.015
0.0 1.0 0.0 5.75
0.0 0.0 1.0 26.9727
1.0 0.611765 0.0
1.0
1.5
3.0
PointLight
1.0 0.0 0.0 18.015
0.0 1.0 0.0 5.75
0.0 0.0 1.0 17.9727
1.0 0.611765 0.0
1.0
1.5
3.0
PointLight
1.0 0.0 0.0 27.015
0.0 1.0 0.0 5.75
0.0 0.0 1.0 17.9727
1.0 0.611765 0.0
1.0
1.5
3.0
PointLight
0.707107 0.0 0.707107 18.015
0.0 1.0 0.0 0.75
-0.707107 0.0 0.707107 22.4727
1.0 0.611765 0.0
1.0
1.5
3.0
PointLight
0.707107 0.0 0.707107 22.515
0.0 1.0 0.0 0.75
-0.707107 0.0 0.707107 26.9727
1.0 0.611765 0.0
1.0
1.5
3.0
PointLight
0.707107 0.0 0.707107 27.015
0.0 1.0 0.0 0.75
-0.707107 0.0 0.707107 22.4727
1.0 0.611765 0.0
1.0
1.5
3.0
PointLight
0.707107 0.0 0.707107 22.515
0.0 1.0 0.0 0.75
-0.707107 0.0 0.707107 17.9727
1.0 0.611765 0.0
1.0
1.5
3.0
PointLight
0.707107 0.0 0.707107 27.015
0.0 1.0 0.0 5.75
-0.707107 0.0 0.707107 22.4727
1.0 0.611765 0.0
1.0
1.5
3.0
PointLight
0.707107 0.0 0.707107 18.015
0.0 1.0 0.0 5.75
-0.707107 0.0 0.707107 22.4727
1.0 0.611765 0.0
1.0
1.5
3.0
PointLight
0.707107 0.0 0.707107 22.515
0.0 1.0 0.0 5.75
-0.707107 0.0 0.707107 17.9727
1.0 0.611765 0.0
1.0
1.5
3.0
PointLight
0.707107 0.0 0.707107 22.515
0.0 1.0 0.0 5.75
-0.707107 0.0 0.707107 26.9727
1.0 0.611765 0.0
1.0
1.5
3.0
PointLight
0.707107 0.0 0.707107 14.515
0.0 1.0 0.0 6.25
-0.707107 0.0 0.707107 14.4727
1.0 0.0 0.0
1.0
1.5
3.0
PointLight
0.707107 0.0 0.707107 14.515
0.0 1.0 0.0 9.0
-0.707107 0.0 0.707107 14.4727
1.0 0.0 0.0
1.0
1.5
3.0
PointLight
0.707107 0.0 0.707107 14.515
0.0 1.0 0.0 11.75
-0.707107 0.0 0.707107 14.4727
1.0 0.0 0.0
1.0
1.5
3.0
PointLight
0.707107 0.0 0.707107 30.515
0.0 1.0 0.0 9.0
-0.707107 0.0 0.707107 14.4727
1.0 0.0 0.0
1.0
1.5
3.0
PointLight
0.707107 0.0 0.707107 30.515
0.0 1.0 0.0 11.75
-0.707107 0.0 0.707107 14.4727
1.0 0.0 0.0
1.0
1.5
3.0
PointLight
0.707107 0.0 0.707107 30.515
0.0 1.0 0.0 6.25
-0.707107 0.0 0.707107 14.4727
1.0 0.0 0.0
1.0
1.5
3.0
PointLight
0.707107 0.0 0.707107 30.515
0.0 1.0 0.0 9.0
-0.707107 0.0 0.707107 30.4727
1.0 0.0 0.0
1.0
1.5
3.0
PointLight
0.707107 0.0 0.707107 30.515
0.0 1.0 0.0 11.75
-0.707107 0.0 0.707107 30.4727
1.0 0.0 0.0
1.0
1.5
3.0
PointLight
0.707107 0.0 0.707107 30.515
0.0 1.0 0.0 6.25
-0.707107 0.0 0.707107 30.4727
1.0 0.0 0.0
1.0
1.5
3.0
PointLight
0.707107 0.0 0.707107 14.515
0.0 1.0 0.0 9.0
-0.707107 0.0 0.707107 30.4727
1.0 0.0 0.0
1.0
1.5
3.0
PointLight
0.707107 0.0 0.707107 14.515
0.0 1.0 0.0 11.75
-0.707107 0.0 0.707107 30.4727
1.0 0.0 0.0
1.0
1.5
3.0
PointLight
0.707107 0.0 0.707107 14.515
0.0 1.0 0.0 6.25
-0.707107 0.0 0.707107 30.4727
1.0 0.0 0.0
1.0
1.5
3.0
PointLight
0.707107 0.0 0.707107 12.515
0.0 1.0 0.0 2.5
-0.707107 0.0 0.707107 22.4727
0.494118 0.494118 0.494118
1.0
1.5
5.0
PointLight
0.707107 0.0 0.707107 22.515
0.0 1.0 0.0 2.5
-0.707107 0.0 0.707107 32.4727
0.494118 0.494118 0.494118
1.0
1.5
5.0
PointLight
0.707107 0.0 0.707107 32.515
0.0 1.0 0.0 2.5
-0.707107 0.0 0.707107 22.4727
0.494118 0.494118 0.494118
1.0
1.5
5.0
PointLight
0.707107 0.0 0.707107 22.515
0.0 1.0 0.0 2.5
-0.707107 0.0 0.707107 12.4727
0.494118 0.494118 0.494118
1.0
1.5
5.0
PointLight
0.707107 0.0 0.707107 13.015
0.0 1.0 0.0 2.5
-0.707107 0.0 0.707107 12.9727
0.494118 0.494118 0.494118
1.0
1.5
5.0
PointLight
0.707107 0.0 0.707107 32.015
0.0 1.0 0.0 2.5
-0.707107 0.0 0.707107 12.9727
0.494118 0.494118 0.494118
1.0
1.5
5.0
PointLight
0.707107 0.0 0.707107 32.015
0.0 1.0 0.0 2.5
-0.707107 0.0 0.707107 31.9727
0.494118 0.494118 0.494118
1.0
1.5
5.0
PointLight
0.707107 0.0 0.707107 13.015
0.0 1.0 0.0 2.5
-0.707107 0.0 0.707107 31.9727
0.494118 0.494118 0.494118
1.0
1.5
5.0
PointLight
0.707107 0.0 0.707107 7.51501
0.0 1.0 0.0 2.5
-0.707107 0.0 0.707107 37.4727
0.380392 0.627451 0.368627
1.0
1.5
7.0
PointLight
0.707107 0.0 0.707107 37.515
0.0 1.0 0.0 2.5
-0.707107 0.0 0.707107 37.4727
0.380392 0.627451 0.368627
1.0
1.5
7.0
PointLight
0.707107 0.0 0.707107 7.51501
0.0 1.0 0.0 16.0248
-0.707107 0.0 0.707107 37.4727
0.380392 0.627451 0.368627
1.0
1.5
7.0
PointLight
0.707107 0.0 0.707107 13.015
0.0 1.0 0.0 16.0248
-0.707107 0.0 0.707107 31.9727
0.494118 0.494118 0.494118
1.0
1.5
5.0
PointLight
0.707107 0.0 0.707107 7.51501
0.0 1.0 0.0 2.5
-0.707107 0.0 0.707107 14.9727
0.380392 0.627451 0.368627
1.0
1.5
7.0
PointLight
0.707107 0.0 0.707107 7.51501
0.0 1.0 0.0 2.5
-0.707107 0.0 0.707107 22.4727
0.380392 0.627451 0.368627
1.0
1.5
7.0
PointLight
0.707107 0.0 0.707107 7.51501
0.0 1.0 0.0 2.5
-0.707107 0.0 0.707107 29.9727
0.380392 0.627451 0.368627
1.0
1.5
7.0
PointLight
0.707107 0.0 0.707107 15.015
0.0 1.0 0.0 2.5
-0.707107 0.0 0.707107 37.4727
0.380392 0.627451 0.368627
1.0
1.5
7.0
PointLight
0.707107 0.0 0.707107 22.515
0.0 1.0 0.0 2.5
-0.707107 0.0 0.707107 37.4727
0.380392 0.627451 0.368627
1.0
1.5
7.0
PointLight
0.707107 0.0 0.707107 30.015
0.0 1.0 0.0 2.5
-0.707107 0.0 0.707107 37.4727
0.380392 0.627451 0.368627
1.0
1.5
7.0
PointLight
0.707107 0.0 0.707107 37.515
0.0 1.0 0.0 2.5
-0.707107 0.0 0.707107 29.9727
0.380392 0.627451 0.368627
1.0
1.5
7.0
PointLight
0.707107 0.0 0.707107 37.515
0.0 1.0 0.0 2.5
-0.707107 0.0 0.707107 22.4727
0.380392 0.627451 0.368627
1.0
1.5
7.0
PointLight
0.707107 0.0 0.707107 37.515
0.0 1.0 0.0 2.5
-0.707107 0.0 0.707107 14.9727
0.380392 0.627451 0.368627
1.0
1.5
7.0
PointLight
0.707107 0.0 0.707107 32.015
0.0 1.0 0.0 16.0248
-0.707107 0.0 0.707107 31.9727
0.494118 0.494118 0.494118
1.0
1.5
5.0
PointLight
0.707107 0.0 0.707107 32.015
0.0 1.0 0.0 16.0248
-0.707107 0.0 0.707107 12.9727
0.494118 0.494118 0.494118
1.0
1.5
5.0
PointLight
0.707107 0.0 0.707107 13.015
0.0 1.0 0.0 16.0248
-0.707107 0.0 0.707107 12.9727
0.494118 0.494118 0.494118
1.0
1.5
5.0
PointLight
0.707107 0.0 0.707107 22.515
0.0 1.0 0.0 16.0248
-0.707107 0.0 0.707107 12.4727
0.494118 0.494118 0.494118
1.0
1.5
5.0
PointLight
1.0 0.0 0.0 27.015
0.0 1.0 0.0 14.2748
0.0 0.0 1.0 17.9727
1.0 0.611765 0.0
1.0
1.5
3.0
PointLight
1.0 0.0 0.0 18.015
0.0 1.0 0.0 14.2748
0.0 0.0 1.0 17.9727
1.0 0.611765 0.0
1.0
1.5
3.0
PointLight
1.0 0.0 0.0 18.015
0.0 1.0 0.0 14.2748
0.0 0.0 1.0 26.9727
1.0 0.611765 0.0
1.0
1.5
3.0
PointLight
1.0 0.0 0.0 27.015
0.0 1.0 0.0 14.2748
0.0 0.0 1.0 26.9727
1.0 0.611765 0.0
1.0
1.5
3.0
PointLight
0.707107 0.0 0.707107 18.015
0.0 1.0 0.0 14.2748
-0.707107 0.0 0.707107 22.4727
1.0 0.611765 0.0
1.0
1.5
3.0
PointLight
0.707107 0.0 0.707107 22.515
0.0 1.0 0.0 14.2748
-0.707107 0.0 0.707107 26.9727
1.0 0.611765 0.0
1.0
1.5
3.0
PointLight
0.707107 0.0 0.707107 27.015
0.0 1.0 0.0 14.2748
-0.707107 0.0 0.707107 22.4727
1.0 0.611765 0.0
1.0
1.5
3.0
PointLight
0.707107 0.0 0.707107 22.515
0.0 1.0 0.0 14.2748
-0.707107 0.0 0.707107 17.9727
1.0 0.611765 0.0
1.0
1.5
3.0
PointLight
0.707107 0.0 0.707107 12.515
0.0 1.0 0.0 16.0248
-0.707107 0.0 0.707107 22.4727
0.494118 0.494118 0.494118
1.0
1.5
5.0
PointLight
0.707107 0.0 0.707107 22.515
0.0 1.0 0.0 16.0248
-0.707107 0.0 0.707107 32.4727
0.494118 0.494118 0.494118
1.0
1.5
5.0
PointLight
0.707107 0.0 0.707107 32.515
0.0 1.0 0.0 16.0248
-0.707107 0.0 0.707107 22.4727
0.494118 0.494118 0.494118
1.0
1.5
5.0
PointLight
1.0 0.0 0.0 18.015
0.0 1.0 0.0 19.2748
0.0 0.0 1.0 17.9727
1.0 0.611765 0.0
1.0
1.5
3.0
PointLight
0.707107 0.0 0.707107 15.015
0.0 1.0 0.0 2.5
-0.707107 0.0 0.707107 7.47273
0.380392 0.627451 0.368627
1.0
1.5
7.0
PointLight
0.707107 0.0 0.707107 22.515
0.0 1.0 0.0 2.5
-0.707107 0.0 0.707107 7.47273
0.380392 0.627451 0.368627
1.0
1.5
7.0
PointLight
0.707107 0.0 0.707107 30.015
0.0 1.0 0.0 2.5
-0.707107 0.0 0.707107 7.47273
0.380392 0.627451 0.368627
1.0
1.5
7.0
PointLight
0.707107 0.0 0.707107 7.51501
0.0 1.0 0.0 2.5
-0.707107 0.0 0.707107 7.47273
0.380392 0.627451 0.368627
1.0
1.5
7.0
PointLight
0.707107 0.0 0.707107 37.515
0.0 1.0 0.0 2.5
-0.707107 0.0 0.707107 7.47273
0.380392 0.627451 0.368627
1.0
1.5
7.0
PointLight
1.0 0.0 0.0 22.515
0.0 1.0 0.0 4.47515
0.0 0.0 1.0 22.4727
0.0 0.0 0.294118
1.0
3.0
20.0
PointLight
0.707107 0.0 0.707107 37.515
0.0 1.0 0.0 16.0248
-0.707107 0.0 0.707107 7.47273
0.380392 0.627451 0.368627
1.0
1.5
7.0
PointLight
0.707107 0.0 0.707107 7.51501
0.0 1.0 0.0 16.0248
-0.707107 0.0 0.707107 7.47273
0.380392 0.627451 0.368627
1.0
1.5
7.0
SmallSupport
1.0 0.0 0.0 35.015
0.0 1.0 0.0 13.5
0.0 0.0 1.0 2.47273
-0.75 0.0 0.0
0.75 5.0 0.999999
SmallSupport
1.0 0.0 0.0 27.015
0.0 1.0 0.0 13.5
0.0 0.0 1.0 2.47273
-0.75 0.0 0.0
0.75 5.0 0.999999
SmallSupport
1.0 0.0 0.0 18.015
0.0 1.0 0.0 13.5
0.0 0.0 1.0 2.47273
-0.75 0.0 0.0
0.75 5.0 0.999999
SmallSupport
1.0 0.0 0.0 10.015
0.0 1.0 0.0 13.5
0.0 0.0 1.0 2.47273
-0.75 0.0 0.0
0.75 5.0 0.999999
OuterHallCorner
-3.37766e-007 0.0 1.0 9.51501
0.0 1.0 0.0 13.5
-1.0 0.0 -3.37766e-007 9.47273
-7.0 0.0 -7.0
4.76837e-007 5.0 6.95433e-007
OuterHall
0.0 0.0 1.0 9.51501
0.0 1.0 0.0 13.5
-1.0 0.0 0.0 9.47273
-1.73649e-006 -2.62268e-007 -7.0
26.0 6.0 -3.25841e-007
OuterHallCorner
1.0 0.0 1.74846e-007 35.515
0.0 1.0 0.0 13.5
-1.74846e-007 0.0 1.0 9.47273
4.45011e-007 0.0 -7.0
7.0 5.0 4.76837e-007
SmallSupport
1.0 0.0 0.0 35.015
0.0 1.0 0.0 0.0
0.0 0.0 1.0 2.47273
-0.75 0.0 0.0
0.75 5.0 0.999999
SmallSupport
1.0 0.0 0.0 27.015
0.0 1.0 0.0 0.0
0.0 0.0 1.0 2.47273
-0.75 0.0 0.0
0.75 5.0 0.999999
PointLight
0.707107 0.0 0.707107 30.015
0.0 1.0 0.0 16.0248
-0.707107 0.0 0.707107 7.47273
0.380392 0.627451 0.368627
1.0
1.5
7.0
PointLight
0.707107 0.0 0.707107 22.515
0.0 1.0 0.0 16.0248
-0.707107 0.0 0.707107 7.47273
0.380392 0.627451 0.368627
1.0
1.5
7.0
PointLight
0.707107 0.0 0.707107 15.015
0.0 1.0 0.0 16.0248
-0.707107 0.0 0.707107 7.47273
0.380392 0.627451 0.368627
1.0
1.5
7.0
SmallSupport
1.0 0.0 0.0 18.015
0.0 1.0 0.0 0.0
0.0 0.0 1.0 2.47273
-0.75 0.0 0.0
0.75 5.0 0.999999
SmallSupport
1.0 0.0 0.0 10.015
0.0 1.0 0.0 0.0
0.0 0.0 1.0 2.47273
-0.75 0.0 0.0
0.75 5.0 0.999999
OuterHallCorner
-3.37766e-007 0.0 1.0 9.51501
0.0 1.0 0.0 0.0
-1.0 0.0 -3.37766e-007 9.47273
-7.0 0.0 -7.0
4.76837e-007 5.0 6.95433e-007
OuterHall
0.0 0.0 1.0 9.51501
0.0 1.0 0.0 0.0
-1.0 0.0 0.0 9.47273
-1.73649e-006 -2.62268e-007 -7.0
26.0 6.0 -3.25841e-007
OuterHallCorner
1.0 0.0 1.74846e-007 35.515
0.0 1.0 0.0 0.0
-1.74846e-007 0.0 1.0 9.47273
4.45011e-007 0.0 -7.0
7.0 5.0 4.76837e-007
PointLight
1.0 0.0 0.0 22.515
0.0 1.0 0.0 18.0
0.0 0.0 1.0 22.4727
0.0 0.0 0.294118
1.0
3.0
20.0
InnerSanctum
1.0 0.0 0.0 62.515
0.0 1.0 0.0 0.0
0.0 0.0 1.0 62.4728
-7.0 0.0 -7.0
7.0 8.13967 7.0
OuterHall
1.0 0.0 0.0 75.5149
0.0 1.0 0.0 0.0
0.0 0.0 1.0 49.4728
2.38419e-007 -2.62268e-007 -1.43051e-006
7.0 6.0 26.0
PointLight
1.0 0.0 0.0 58.015
0.0 1.0 0.0 19.2748
0.0 0.0 1.0 66.9728
1.0 0.611765 0.0
1.0
1.5
3.0
OuterHallCorner
0.0 0.0 -1.0 75.5149
0.0 1.0 0.0 0.0
1.0 0.0 0.0 75.4728
-1.58546e-006 0.0 4.76837e-007
7.0 5.0 7.0
PointLight
0.707107 0.0 0.707107 62.515
0.0 1.0 0.0 19.2748
-0.707107 0.0 0.707107 66.9728
1.0 0.611765 0.0
1.0
1.5
3.0
OuterHall
0.0 0.0 -1.0 75.5149
0.0 1.0 0.0 0.0
1.0 0.0 0.0 75.4728
-26.0 -2.62268e-007 2.62268e-007
1.51399e-006 6.0 7.0
OuterHall
-1.0 0.0 1.50996e-007 49.515
0.0 1.0 0.0 0.0
-1.50996e-007 0.0 -1.0 75.4728
-7.0 -2.62268e-007 -26.0
3.44905e-006 6.0 1.43051e-006
PointLight
0.707107 0.0 0.707107 58.015
0.0 1.0 0.0 19.2748
-0.707107 0.0 0.707107 62.4728
1.0 0.611765 0.0
1.0
1.5
3.0
OuterHallCorner
-1.0 0.0 0.0 49.515
0.0 1.0 0.0 0.0
0.0 0.0 -1.0 75.4728
-7.0 0.0 -1.50198e-006
-4.76837e-007 5.0 7.0
SideRoom
1.0 0.0 0.0 72.0149
0.0 1.0 0.0 0.0
0.0 0.0 1.0 52.9728
-4.0 0.0 -3.0
3.0 3.5 4.0
ShaftCover
1.0 0.0 0.0 72.0149
0.0 1.0 0.0 0.0
0.0 0.0 1.0 52.9728
-4.0 0.0 -1.0
1.0 0.301307 4.0
Shaft
1.0 0.0 0.0 72.0149
0.0 1.0 0.0 13.5
0.0 0.0 1.0 52.9728
-4.0 -10.0 -0.500001
0.5 0.0 4.0
SideRoom
0.0 0.0 -1.0 72.0149
0.0 1.0 0.0 0.0
1.0 0.0 0.0 71.9728
-4.0 0.0 -4.0
3.0 3.5 3.0
ShaftCover
0.0 0.0 -1.0 72.0149
0.0 1.0 0.0 0.0
1.0 0.0 0.0 71.9728
-4.0 0.0 -4.0
1.0 0.301307 1.0
Shaft
0.0 0.0 -1.0 72.0149
0.0 1.0 0.0 13.5
1.0 0.0 0.0 71.9728
-4.0 -10.0 -4.0
0.500002 0.0 0.5
SideRoom
-1.0 0.0 0.0 53.015
0.0 1.0 0.0 0.0
0.0 0.0 -1.0 71.9728
-3.0 0.0 -4.0
4.0 3.5 3.0
ShaftCover
-1.0 0.0 0.0 53.015
0.0 1.0 0.0 0.0
0.0 0.0 -1.0 71.9728
