ILLMESH0
1
1
1
1
1
0
80
336
-1.975 -0 9.25
0.000394 0.999999 -0.001201
-4.73194e-007 -0.001201 -0.999999
1 -0.000394 4.73194e-007
0 2 3 0
0.948286 0.046628 0.004193 0
0 0.875059

-1.975 -0 6.60714
0.000388 0.999999 -0.001549
-6.01013e-007 -0.001549 -0.999999
1 -0.000388 6.01012e-007
0 2 3 4
0.614068 0.371016 0.013273 0.001642
0.142857 0.875059

-3.95 -0 9.25
0.000559 0.999999 -0.001232
-6.88688e-007 -0.001232 -0.999999
1 -0.000559 6.88688e-007
0 2 3 4
0.74321 0.210857 0.036544 0.00939
0 1

-3.95 -0 6.60714
0.000476 0.999999 -0.001553
-7.39229e-007 -0.001553 -0.999999
1 -0.000476 7.39228e-007
0 2 3 4
0.483232 0.420794 0.080477 0.015497
0.142857 1

-0 -0 9.25
0 0.999999 -0.001171
0 -0.001171 -0.999999
1 0 0
0 0 0 0
1 0 0 0
0 0.750117

-0 -0 6.60714
0 0.999999 -0.001545
0 -0.001545 -0.999999
1 0 0
0 0 0 0
1 0 0 0
0.142857 0.750117

1.975 -0 9.25
-0.000394 0.999999 -0.001201
4.73194e-007 -0.001201 -0.999999
1 0.000394 -4.73194e-007
0 2 3 0
0.948286 0.046628 0.004193 0
0 0.625176

1.975 -0 6.60714
-0.000388 0.999999 -0.001549
6.01013e-007 -0.001549 -0.999999
1 0.000388 -6.01012e-007
0 2 3 4
0.614068 0.371016 0.013273 0.001642
0.142857 0.625176

3.95 -0 6.60714
-0.000476 0.999999 -0.001553
7.39229e-007 -0.001553 -0.999999
1 0.000476 -7.39228e-007
0 2 3 4
0.483232 0.420794 0.080477 0.015497
0.142857 0.5

3.95 -0 9.25
-0.000559 0.999999 -0.001232
6.88689e-007 -0.001232 -0.999999
1 0.000559 -6.88688e-007
0 2 3 4
0.74321 0.210857 0.036544 0.00939
0 0.5

-1.975 -0 3.96429
0.000378 0.999997 -0.002348
-8.87546e-007 -0.002348 -0.999997
1 -0.000377999 8.87544e-007
0 2 3 4
0.231423 0.62596 0.135918 0.006699
0.285714 0.875059

-3.95 -0 3.96429
0.000391 0.999997 -0.002352
-9.19635e-007 -0.002352 -0.999997
1 -0.000391004 -1.45321e-006
0 2 3 4
0.303272 0.408899 0.247054 0.040776
0.285714 1

-0 -0 3.96429
-0 0.999997 -0.002344
0 -0.002344 -0.999997
1 3.17826e-009 1.35591e-006
2 0 0 0
1 0 0 0
0.285714 0.750117

1.975 -0 3.96429
-0.000378 0.999997 -0.002348
8.87546e-007 -0.002348 -0.999997
1 0.000377996 -2.24345e-006
0 2 3 4
0.231423 0.62596 0.135918 0.006699
0.285714 0.625176

3.95 -0 3.96429
-0.000391 0.999997 -0.002352
9.19635e-007 -0.002352 -0.999997
1 0.000390999 -9.19632e-007
0 2 3 4
0.303272 0.408899 0.247054 0.040776
0.285714 0.5

-1.975 -0 1.32143
0.000352 0.999995 -0.003245
-1.14225e-006 -0.003245 -0.999995
1 -0.000351998 1.14224e-006
0 2 3 4
0.016189 0.439582 0.504809 0.03942
0.428571 0.875059

-3.95 -0 1.32143
0.000391 0.999995 -0.003261
-1.27506e-006 -0.003261 -0.999995
1 -0.000391021 -5.84343e-006
0 2 3 4
0.085086 0.378189 0.391854 0.144872
0.428572 1

-0 -0 1.32143
0 0.999995 -0.00323
0 -0.00323 -0.999995
1 1.31388e-008 4.06771e-006
3 0 0 0
1 0 0 0
0.428572 0.750117

1.975 -0 1.32143
-0.000352 0.999995 -0.003245
1.14225e-006 -0.003245 -0.999995
1 0.000351989 -3.85404e-006
0 2 3 4
0.016189 0.439582 0.504809 0.03942
0.428572 0.625176

3.95 -0 1.32143
-0.000391 0.999995 -0.003261
1.27506e-006 -0.003261 -0.999995
1 0.000390983 -6.02071e-006
0 2 3 4
0.085086 0.378189 0.391854 0.144872
0.428571 0.5

-1.975 0 -1.32143
0.000332 0.999991 -0.004155
-1.37947e-006 -0.004155 -0.999991
1 -0.000332003 2.35672e-008
2 3 4 5
0.03942 0.504809 0.439582 0.016189
0.571429 0.875059

-3.95 0 -1.32143
0.000357 0.999991 -0.004154
-1.48299e-006 -0.004154 -0.999991
1 -0.000356997 1.48298e-006
2 3 4 5
0.144872 0.391854 0.378189 0.085086
0.571429 1

0 0 -1.32143
0 0.999991 -0.004155
0 -0.004155 -0.999991
1 0 0
3 0 0 0
1 0 0 0
0.571429 0.750117

1.975 0 -1.32143
-0.000332 0.999991 -0.004155
1.37947e-006 -0.004155 -0.999991
1 0.000331997 -1.37946e-006
2 3 4 5
0.03942 0.504809 0.439582 0.016189
0.571429 0.625176

3.95 0 -1.32143
-0.000357 0.999991 -0.004154
1.48299e-006 -0.004154 -0.999991
1 0.000356977 -6.2286e-006
2 3 4 5
0.144872 0.391854 0.378189 0.085086
0.571429 0.5

-1.975 0 -3.96428
0.000309 0.999987 -0.005062
-1.56418e-006 -0.005062 -0.999987
1 -0.000308996 1.56416e-006
3 4 5 6
0.135553 0.624277 0.2308 0.009369
0.714286 0.875059

-3.95 0 -3.96428
0.000274 0.999987 -0.00508
-1.39194e-006 -0.00508 -0.999987
1 -0.000273996 1.39192e-006
3 4 5 6
0.24419 0.404158 0.299756 0.051896
0.714286 1

0 0 -3.96428
0 0.999987 -0.005043
0 -0.005043 -0.999987
1 0 0
4 0 0 0
1 0 0 0
0.714286 0.750117

1.975 0 -3.96428
-0.000309 0.999987 -0.005062
1.56418e-006 -0.005062 -0.999987
1 0.000308996 -1.56416e-006
3 4 5 6
0.135553 0.624277 0.2308 0.009369
0.714286 0.625176

3.95 0 -3.96428
-0.000274 0.999987 -0.00508
1.39194e-006 -0.00508 -0.999987
1 0.000273996 -1.39192e-006
3 4 5 6
0.24419 0.404158 0.299756 0.051896
0.714286 0.5

-1.975 0 -6.60714
0.000254 0.999983 -0.005869
-1.49075e-006 -0.005869 -0.999983
1 -0.000253996 1.49073e-006
3 4 5 6
0.012322 0.344424 0.570055 0.073199
0.857143 0.875059

-3.95 0 -6.60714
0.000251 0.999983 -0.005892
-1.47892e-006 -0.005892 -0.999983
1 -0.000250996 1.47889e-006
3 4 5 6
0.066231 0.346309 0.397695 0.189764
0.857143 1

0 0 -6.60714
0 0.999983 -0.005846
0 -0.005846 -0.999983
1 0 0
5 0 0 0
1 0 0 0
0.857143 0.750117

1.975 0 -6.60714
-0.000254 0.999983 -0.005869
1.49075e-006 -0.005869 -0.999983
1 0.000253996 -1.49073e-006
3 4 5 6
0.012322 0.344424 0.570055 0.073199
0.857143 0.625176

3.95 0 -6.60714
-0.000251 0.999983 -0.005892
1.47892e-006 -0.005892 -0.999983
1 0.000250996 -1.47889e-006
3 4 5 6
0.066231 0.346309 0.397695 0.189764
0.857143 0.5

-1.975 0 -9.25
0.000223 0.999981 -0.006234
-1.39021e-006 -0.006234 -0.999981
1 -0.000222996 1.39018e-006
3 4 5 6
0.002153 0.023944 0.486952 0.486952
1 0.875059

-3.95 0 -9.25
0.000276 0.99998 -0.006241
-1.72255e-006 -0.006241 -0.999981
1 -0.000275995 1.72252e-006
3 4 5 6
0.021077 0.121614 0.428654 0.428654
1 1

0 0 -9.25
0 0.999981 -0.006226
0 -0.006226 -0.999981
1 0 0
5 6 0 0
0.5 0.5 0 0
1 0.750117

1.975 0 -9.25
-0.000223 0.999981 -0.006234
1.39021e-006 -0.006234 -0.999981
1 0.000222996 -1.39018e-006
3 4 5 6
0.002153 0.023944 0.486952 0.486952
1 0.625176

3.95 0 -9.25
-0.000276 0.99998 -0.006241
1.72255e-006 -0.006241 -0.999981
1 0.000275994 -1.72252e-006
3 4 5 6
0.021077 0.121614 0.428654 0.428654
1 0.5

-1.975 -0 9.25
-0.000394 -0.999999 0.001201
4.73194e-007 0.001201 0.999999
1 -0.000394 4.73194e-007
0 2 3 0
0.948286 0.046628 0.004193 0
1 0.373967

-3.95 -0 9.25
-0.000559 -0.999999 0.001232
6.88689e-007 0.001232 0.999999
1 -0.000559 6.88688e-007
0 2 3 4
0.74321 0.210857 0.036544 0.00939
1 0.5

-1.975 -0 6.60714
-0.000388 -0.999999 0.001549
6.01013e-007 0.001549 0.999999
1 -0.000388 6.01012e-007
0 2 3 4
0.614068 0.371016 0.013273 0.001642
0.857143 0.373967

-3.95 -0 6.60714
-0.000476 -0.999999 0.001553
7.39229e-007 0.001553 0.999999
1 -0.000476 7.39228e-007
0 2 3 4
0.483232 0.420794 0.080477 0.015497
0.857143 0.5

-0 -0 9.25
0 -0.999999 0.001171
0 0.001171 0.999999
1 0 0
0 0 0 0
1 0 0 0
1 0.249652

-0 -0 6.60714
0 -0.999999 0.001545
0 0.001545 0.999999
1 0 0
0 0 0 0
1 0 0 0
0.857143 0.249652

1.975 -0 9.25
0.000394 -0.999999 0.001201
-4.73194e-007 0.001201 0.999999
1 0.000394 -4.73194e-007
0 2 3 0
0.948286 0.046628 0.004193 0
1 0.125338

1.975 -0 6.60714
0.000388 -0.999999 0.001549
-6.01013e-007 0.001549 0.999999
1 0.000388 -6.01012e-007
0 2 3 4
0.614068 0.371016 0.013273 0.001642
0.857143 0.125338

3.95 -0 9.25
0.000559 -0.999999 0.001232
-6.88689e-007 0.001232 0.999999
1 0.000559 -6.88688e-007
0 2 3 4
0.74321 0.210857 0.036544 0.00939
1 0

3.95 -0 6.60714
0.000476 -0.999999 0.001553
-7.39229e-007 0.001553 0.999999
1 0.000476 -7.39228e-007
0 2 3 4
0.483232 0.420794 0.080477 0.015497
0.857143 0

-1.975 -0 3.96429
-0.000378 -0.999997 0.002348
8.87546e-007 0.002348 0.999997
1 -0.000377999 8.87544e-007
0 2 3 4
0.231423 0.62596 0.135918 0.006699
0.714286 0.373967

-3.95 -0 3.96429
-0.000391 -0.999997 0.002352
9.19635e-007 0.002352 0.999997
1 -0.000390999 9.19632e-007
0 2 3 4
0.303272 0.408899 0.247054 0.040776
0.714286 0.5

-0 -0 3.96429
0 -0.999997 0.002344
0 0.002344 0.999997
1 0 0
2 0 0 0
1 0 0 0
0.714286 0.249652

1.975 -0 3.96429
0.000378 -0.999997 0.002348
-8.87546e-007 0.002348 0.999997
1 0.000378002 4.68375e-007
0 2 3 4
0.231423 0.62596 0.135918 0.006699
0.714286 0.125338

3.95 -0 3.96429
0.000391 -0.999997 0.002352
-9.19634e-007 0.002352 0.999997
1 0.000390999 -9.19632e-007
0 2 3 4
0.303272 0.408899 0.247054 0.040776
0.714286 0

-1.975 -0 1.32143
-0.000352 -0.999995 0.003245
1.14225e-006 0.003245 0.999995
1 -0.000351998 1.14224e-006
0 2 3 4
0.016189 0.439582 0.504809 0.03942
0.571429 0.373967

-3.95 -0 1.32143
-0.000391 -0.999995 0.003261
1.27506e-006 0.003261 0.999995
1 -0.000390998 1.27505e-006
0 2 3 4
0.085086 0.378189 0.391854 0.144872
0.571429 0.5

-0 -0 1.32143
0 -0.999995 0.00323
0 0.00323 0.999995
1 0 0
3 0 0 0
1 0 0 0
0.571429 0.249652

1.975 -0 1.32143
0.000352 -0.999995 0.003245
-1.14225e-006 0.003245 0.999995
1 0.000352007 1.56958e-006
0 2 3 4
0.016189 0.439582 0.504809 0.03942
0.571429 0.125338

3.95 -0 1.32143
0.000391 -0.999995 0.003261
-1.27506e-006 0.003261 0.999995
1 0.000391014 3.47064e-006
0 2 3 4
0.085086 0.378189 0.391854 0.144872
0.571428 -0

-1.975 0 -1.32143
-0.000332 -0.999991 0.004155
1.37947e-006 0.004155 0.999991
1 -0.000331997 1.37946e-006
2 3 4 5
0.03942 0.504809 0.439582 0.016189
0.428571 0.373967

-3.95 0 -1.32143
-0.000357 -0.999991 0.004154
1.48299e-006 0.004154 0.999991
1 -0.000356987 3.85583e-006
2 3 4 5
0.144872 0.391854 0.378189 0.085086
0.428571 0.5

0 0 -1.32143
0 -0.999991 0.004155
0 0.004155 0.999991
1 0 0
3 0 0 0
1 0 0 0
0.428571 0.249652

1.975 0 -1.32143
0.000332 -0.999991 0.004155
-1.37947e-006 0.004155 0.999991
1 0.000331997 -1.37946e-006
2 3 4 5
0.03942 0.504809 0.439582 0.016189
0.428571 0.125338

3.95 0 -1.32143
0.000357 -0.999991 0.004154
-1.48299e-006 0.004154 0.999991
1 0.000357017 3.26268e-006
2 3 4 5
0.144872 0.391854 0.378189 0.085086
0.428571 0

-1.975 0 -3.96428
-0.000309 -0.999987 0.005062
1.56418e-006 0.005062 0.999987
1 -0.000308982 4.27595e-006
3 4 5 6
0.135553 0.624277 0.2308 0.009369
0.285714 0.373967

-3.95 0 -3.96428
-0.000274 -0.999987 0.00508
1.39194e-006 0.00508 0.999987
1 -0.00027396 8.51038e-006
3 4 5 6
0.24419 0.404158 0.299756 0.051896
0.285715 0.5

0 0 -3.96428
0 -0.999987 0.005043
0 0.005043 0.999987
1 -1.36757e-008 -2.71179e-006
4 0 0 0
1 0 0 0
0.285714 0.249652

1.975 0 -3.96428
0.000309 -0.999987 0.005062
-1.56418e-006 0.005062 0.999987
1 0.000308989 -2.92006e-006
3 4 5 6
0.135553 0.624277 0.2308 0.009369
0.285715 0.125338

3.95 0 -3.96428
0.000274 -0.999987 0.00508
-1.39194e-006 0.00508 0.999987
1 0.000274021 3.35372e-006
3 4 5 6
0.24419 0.404158 0.299756 0.051896
0.285714 0

-1.975 0 -6.60714
-0.000254 -0.999983 0.005869
1.49075e-006 0.005869 0.999983
1 -0.000253982 3.86352e-006
3 4 5 6
0.012322 0.344424 0.570055 0.073199
0.142857 0.373967

-3.95 0 -6.60714
-0.000251 -0.999983 0.005892
1.47892e-006 0.005892 0.999983
1 -0.000250996 1.47889e-006
3 4 5 6
0.066231 0.346309 0.397695 0.189764
0.142857 0.5

0 0 -6.60714
0 -0.999983 0.005846
0 0.005846 0.999983
1 -7.92661e-009 -1.35588e-006
5 0 0 0
1 0 0 0
0.142857 0.249652

1.975 0 -6.60714
0.000254 -0.999983 0.005869
-1.49075e-006 0.005869 0.999983
1 0.000253996 -1.49073e-006
3 4 5 6
0.012322 0.344424 0.570055 0.073199
0.142857 0.125338

3.95 0 -6.60714
0.000251 -0.999983 0.005892
-1.47892e-006 0.005892 0.999983
1 0.000251024 3.26668e-006
3 4 5 6
0.066231 0.346309 0.397695 0.189764
0.142857 0

-1.975 0 -9.25
-0.000223 -0.999981 0.006234
1.39021e-006 0.006234 0.999981
1 -0.000222996 1.39018e-006
3 4 5 6
0.002153 0.023944 0.486952 0.486952
0 0.373967

-3.95 0 -9.25
-0.000276 -0.99998 0.006241
1.72255e-006 0.006241 0.999981
1 -0.000275995 1.72252e-006
3 4 5 6
0.021077 0.121614 0.428654 0.428654
0 0.5

0 0 -9.25
0 -0.999981 0.006226
0 0.006226 0.999981
1 0 0
5 6 0 0
0.5 0.5 0 0
0 0.249652

1.975 0 -9.25
0.000223 -0.999981 0.006234
-1.39021e-006 0.006234 0.999981
1 0.000222996 -1.39018e-006
3 4 5 6
0.002153 0.023944 0.486952 0.486952
0 0.125338

3.95 0 -9.25
0.000276 -0.99998 0.006241
-1.72255e-006 0.006241 0.999981
1 0.000275994 -1.72252e-006
3 4 5 6
0.021077 0.121614 0.428654 0.428654
0 0

0 1 2
4 1 0
2 1 3
1 4 5
1 10 3
5 10 1
6 5 4
5 6 7
10 5 12
7 12 5
3 10 11
10 15 11
12 15 10
12 7 13
15 12 17
13 17 12
6 8 7
14 7 8
7 14 13
8 6 9
17 13 18
19 13 14
13 19 18
17 20 15
20 17 22
18 22 17
22 18 23
24 18 19
18 24 23
22 25 20
25 22 27
23 27 22
15 20 16
16 20 21
25 21 20
21 25 26
30 26 25
27 30 25
27 23 28
30 27 32
28 32 27
26 30 31
35 31 30
37 30 32
30 37 35
32 28 33
33 38 32
32 38 37
28 34 33
39 33 34
33 39 38
34 28 29
23 29 28
24 29 23
31 35 36
11 15 16
40 41 42
42 44 40
41 43 42
44 42 45
42 43 50
50 45 42
45 46 44
46 45 47
45 50 52
52 47 45
43 51 50
50 51 55
55 52 50
47 52 53
52 55 57
57 53 52
46 47 49
49 47 54
47 53 54
48 46 49
54 53 59
53 57 58
53 58 59
57 60 62
60 57 55
62 58 57
58 62 63
59 58 64
58 63 64
62 65 67
65 62 60
67 63 62
55 56 60
56 61 60
60 61 65
61 66 65
65 66 70
70 67 65
63 67 68
67 70 72
72 68 67
66 71 70
70 71 75
72 70 77
70 75 77
68 72 73
73 72 78
72 77 78
68 73 74
74 73 79
73 78 79
69 68 74
63 68 69
64 63 69
71 76 75
51 56 55
